Sample,ETCO2,ETO2,ScalcO2,RR,dev60_SpO2,dev60_HR,dev60_PI,dev59_SpO2,dev59_HR,dev59_PI,Timestamp
,,,,,93.0,,0.7,,,,14:29:09
,,,,,93.0,,0.7,,,,14:29:10
,,,,,93.0,,2.2,,,,14:29:10
,,,,,93.0,,2.2,,,,14:29:11
,,,,,93.0,,0.2,,,,14:29:11
,,,,,93.0,,0.2,,,,14:29:12
,,,,,93.0,87.0,0.2,,,,14:29:12
,,,,,93.0,87.0,0.2,,,,14:29:13
,,,,,93.0,87.0,0.3,,,,14:29:13
,,,,,93.0,87.0,0.3,,,,14:29:14
,,,,,98.0,91.0,0.3,,,,14:29:14
,,,,,98.0,91.0,0.3,,,,14:29:15
,,,,,99.0,91.0,0.3,,,255.0,14:29:15
,,,,,99.0,91.0,0.3,,,255.0,14:29:16
,,,,,100.0,90.0,0.3,,,255.0,14:29:16
,,,,,100.0,90.0,0.3,,,255.0,14:29:17
,,,,,100.0,90.0,0.3,,,,14:29:17
,,,,,100.0,90.0,0.3,,,,14:29:18
,,,,,100.0,90.0,0.3,,,,14:29:18
,,,,,100.0,90.0,0.3,,,,14:29:19
,,,,,100.0,90.0,0.3,,,19.0,14:29:19
,,,,,100.0,90.0,0.3,,,19.0,14:29:20
,,,,,100.0,89.0,0.3,,,19.0,14:29:20
,,,,,100.0,89.0,0.3,,,19.0,14:29:21
,,,,,100.0,89.0,0.3,,,15.0,14:29:21
,,,,,100.0,89.0,0.3,,,15.0,14:29:22
,,,,,100.0,88.0,0.3,,,15.0,14:29:22
,,,,,100.0,88.0,0.3,,,15.0,14:29:23
,,,,,100.0,88.0,0.3,,,5.0,14:29:23
,,,,,100.0,88.0,0.3,,,5.0,14:29:24
,,,,,100.0,89.0,0.3,,,5.0,14:29:24
,,,,,100.0,89.0,0.3,,,5.0,14:29:25
,,,,,100.0,89.0,0.3,100.0,92.0,3.0,14:29:25
,,,,,100.0,89.0,0.3,100.0,92.0,3.0,14:29:26
,,,,,100.0,90.0,0.3,100.0,92.0,3.0,14:29:26
,,,,,100.0,90.0,0.3,100.0,92.0,3.0,14:29:27
,,,,,100.0,89.0,0.3,98.0,92.0,6.0,14:29:27
,,,,,100.0,89.0,0.3,98.0,92.0,6.0,14:29:28
,,,,,100.0,89.0,0.3,98.0,92.0,6.0,14:29:28
,,,,,100.0,89.0,0.3,98.0,92.0,6.0,14:29:29
,,,,,100.0,89.0,0.3,98.0,92.0,27.0,14:29:29
,,,,,100.0,89.0,0.3,98.0,92.0,27.0,14:29:30
,,,,,100.0,89.0,0.3,98.0,92.0,27.0,14:29:30
,,,,,100.0,89.0,0.3,98.0,92.0,27.0,14:29:31
,,,,,100.0,89.0,0.3,97.0,92.0,49.0,14:29:31
,,,,,100.0,89.0,0.3,97.0,92.0,49.0,14:29:32
,,,,,100.0,89.0,0.3,97.0,92.0,49.0,14:29:32
,,,,,100.0,89.0,0.3,97.0,92.0,49.0,14:29:33
,,,,,100.0,90.0,0.3,96.0,92.0,19.0,14:29:33
,,,,,100.0,90.0,0.3,96.0,92.0,19.0,14:29:34
,,,,,100.0,89.0,0.3,96.0,92.0,19.0,14:29:34
,,,,,100.0,89.0,0.3,96.0,92.0,19.0,14:29:35
,,,,,100.0,89.0,0.3,95.0,92.0,14.0,14:29:35
,,,,,100.0,89.0,0.3,95.0,92.0,14.0,14:29:36
,,,,,100.0,88.0,0.3,95.0,92.0,14.0,14:29:36
,,,,,100.0,88.0,0.3,95.0,92.0,14.0,14:29:37
,,,,,100.0,93.0,0.3,94.0,92.0,15.0,14:29:37
,,,,,100.0,93.0,0.3,94.0,92.0,15.0,14:29:38
,,,,,100.0,92.0,0.3,94.0,92.0,15.0,14:29:38
,,,,,100.0,92.0,0.3,94.0,92.0,15.0,14:29:39
,,,,,100.0,92.0,0.3,93.0,92.0,16.0,14:29:39
,,,,,100.0,92.0,0.3,93.0,92.0,16.0,14:29:40
,,,,,100.0,92.0,0.3,93.0,92.0,16.0,14:29:40
,,,,,100.0,92.0,0.3,93.0,92.0,16.0,14:29:41
,,,,,100.0,92.0,0.3,92.0,92.0,20.0,14:29:41
,,,,,100.0,92.0,0.3,92.0,92.0,20.0,14:29:42
,,,,,100.0,91.0,0.3,92.0,92.0,20.0,14:29:42
,,,,,100.0,91.0,0.3,92.0,92.0,20.0,14:29:43
,,,,,100.0,90.0,0.3,,,7.0,14:29:43
,,,,,100.0,90.0,0.3,,,7.0,14:29:44
,,,,,100.0,91.0,0.3,,,7.0,14:29:44
,,,,,100.0,91.0,0.3,,,7.0,14:29:45
,,,,,100.0,92.0,0.3,,,38.0,14:29:45
,,,,,100.0,92.0,0.3,,,38.0,14:29:46
,,,,,100.0,89.0,0.3,,,38.0,14:29:46
,,,,,100.0,89.0,0.3,,,38.0,14:29:47
,,,,,99.0,89.0,0.3,,,17.0,14:29:47
,,,,,99.0,89.0,0.3,,,17.0,14:29:48
,,,,,99.0,90.0,0.3,,,17.0,14:29:48
,,,,,99.0,90.0,0.3,,,17.0,14:29:49
,,,,,99.0,89.0,0.3,,,5.0,14:29:49
,,,,,99.0,89.0,0.3,,,5.0,14:29:50
,,,,,99.0,89.0,0.3,,,5.0,14:29:50
,,,,,99.0,89.0,0.3,,,5.0,14:29:51
,,,,,100.0,89.0,0.3,,,5.0,14:29:51
,,,,,100.0,89.0,0.3,,,5.0,14:29:52
,,,,,100.0,89.0,0.3,,,5.0,14:29:52
,,,,,100.0,89.0,0.3,,,5.0,14:29:53
,,,,,100.0,89.0,0.3,,,4.0,14:29:53
,,,,,100.0,89.0,0.3,,,4.0,14:29:54
,,,,,100.0,89.0,0.3,,,4.0,14:29:54
,,,,,100.0,89.0,0.3,,,4.0,14:29:55
,,,,,100.0,89.0,0.3,100.0,94.0,4.0,14:29:55
,,,,,100.0,89.0,0.3,100.0,94.0,4.0,14:29:56
,,,,,100.0,90.0,0.3,100.0,94.0,4.0,14:29:56
,,,,,100.0,90.0,0.3,100.0,94.0,4.0,14:29:57
,,,,,100.0,91.0,0.3,100.0,94.0,5.0,14:29:57
,,,,,100.0,91.0,0.3,100.0,94.0,5.0,14:29:58
,,,,,100.0,91.0,0.3,100.0,94.0,5.0,14:29:58
,,,,,100.0,91.0,0.3,100.0,94.0,5.0,14:29:59
,,,,,100.0,91.0,0.3,100.0,89.0,4.0,14:29:59
,,,,,100.0,91.0,0.3,100.0,89.0,4.0,14:30:00
,,,,,100.0,92.0,0.3,100.0,89.0,4.0,14:30:00
,,,,,100.0,92.0,0.3,100.0,89.0,4.0,14:30:01
,,,,,100.0,90.0,0.3,100.0,89.0,4.0,14:30:01
,,,,,100.0,90.0,0.3,100.0,89.0,4.0,14:30:02
,,,,,99.0,90.0,0.3,100.0,89.0,4.0,14:30:02
,,,,,99.0,90.0,0.3,100.0,90.0,9.0,14:30:03
,,,,,99.0,90.0,0.3,99.0,90.0,4.0,14:30:03
,,,,,99.0,90.0,0.3,99.0,90.0,4.0,14:30:04
,,,,,99.0,90.0,0.3,99.0,90.0,4.0,14:30:04
,,,,,99.0,90.0,0.3,99.0,90.0,4.0,14:30:05
,,,,,99.0,87.0,0.3,99.0,90.0,5.0,14:30:05
,,,,,99.0,87.0,0.3,99.0,90.0,5.0,14:30:06
,,,,,99.0,87.0,0.3,99.0,90.0,5.0,14:30:06
,,,,,99.0,87.0,0.3,99.0,90.0,5.0,14:30:07
,,,,,99.0,85.0,0.3,99.0,88.0,4.0,14:30:07
,,,,,99.0,85.0,0.3,99.0,88.0,4.0,14:30:08
,,,,,99.0,85.0,0.3,99.0,88.0,4.0,14:30:08
,,,,,99.0,85.0,0.3,99.0,88.0,4.0,14:30:09
,,,,,99.0,85.0,0.3,100.0,88.0,5.0,14:30:09
,,,,,99.0,85.0,0.3,100.0,88.0,5.0,14:30:10
,,,,,99.0,85.0,0.3,100.0,88.0,5.0,14:30:10
,,,,,99.0,85.0,0.3,100.0,88.0,5.0,14:30:11
,,,,,98.0,85.0,0.3,100.0,86.0,4.0,14:30:11
,,,,,98.0,85.0,0.3,100.0,86.0,4.0,14:30:12
,,,,,98.0,87.0,0.3,100.0,86.0,4.0,14:30:12
,,,,,98.0,87.0,0.3,100.0,86.0,4.0,14:30:13
,,,,,98.0,86.0,0.3,100.0,87.0,4.0,14:30:13
,,,,,98.0,86.0,0.3,100.0,87.0,4.0,14:30:14
,,,,,99.0,86.0,0.3,100.0,87.0,4.0,14:30:14
,,,,,99.0,86.0,0.3,100.0,87.0,4.0,14:30:15
,,,,,99.0,86.0,0.3,100.0,85.0,4.0,14:30:15
,,,,,99.0,86.0,0.3,100.0,85.0,4.0,14:30:16
,,,,,99.0,86.0,0.3,100.0,85.0,4.0,14:30:16
,,,,,99.0,86.0,0.3,100.0,85.0,4.0,14:30:17
,,,,,99.0,85.0,0.3,100.0,83.0,4.0,14:30:17
,,,,,99.0,85.0,0.3,100.0,83.0,4.0,14:30:18
,,,,,100.0,84.0,0.3,100.0,83.0,4.0,14:30:18
,,,,,100.0,84.0,0.3,100.0,83.0,4.0,14:30:19
,,,,,100.0,82.0,0.3,100.0,82.0,4.0,14:30:19
,,,,,100.0,82.0,0.3,100.0,82.0,4.0,14:30:20
,,,,,100.0,82.0,0.3,100.0,82.0,4.0,14:30:20
,,,,,100.0,82.0,0.3,100.0,82.0,4.0,14:30:21
,,,,,100.0,82.0,0.3,100.0,83.0,4.0,14:30:21
,,,,,100.0,82.0,0.3,100.0,83.0,4.0,14:30:22
,,,,,100.0,82.0,0.3,100.0,83.0,4.0,14:30:22
,,,,,100.0,82.0,0.3,100.0,83.0,4.0,14:30:23
,,,,,100.0,82.0,0.3,100.0,84.0,4.0,14:30:23
,,,,,100.0,82.0,0.3,100.0,84.0,4.0,14:30:24
,,,,,100.0,82.0,0.3,100.0,84.0,4.0,14:30:24
,,,,,100.0,82.0,0.3,100.0,84.0,4.0,14:30:25
,,,,,100.0,82.0,0.3,100.0,86.0,4.0,14:30:25
,,,,,100.0,82.0,0.3,100.0,86.0,4.0,14:30:26
,,,,,100.0,82.0,0.3,100.0,86.0,4.0,14:30:26
,,,,,100.0,82.0,0.3,100.0,86.0,4.0,14:30:27
,,,,,100.0,82.0,0.3,100.0,86.0,4.0,14:30:27
,,,,,100.0,82.0,0.3,100.0,86.0,4.0,14:30:28
,,,,,100.0,82.0,0.3,100.0,86.0,4.0,14:30:28
,,,,,100.0,82.0,0.3,100.0,86.0,4.0,14:30:29
,,,,,100.0,82.0,0.3,100.0,84.0,6.0,14:30:29
,,,,,100.0,82.0,0.3,100.0,84.0,6.0,14:30:30
,,,,,100.0,82.0,0.3,100.0,84.0,6.0,14:30:30
,,,,,100.0,82.0,0.3,100.0,84.0,6.0,14:30:31
,,,,,100.0,82.0,0.3,100.0,84.0,4.0,14:30:31
,,,,,100.0,82.0,0.3,100.0,84.0,4.0,14:30:32
,,,,,100.0,81.0,0.3,100.0,84.0,4.0,14:30:32
,,,,,100.0,81.0,0.3,100.0,84.0,4.0,14:30:33
,,,,,100.0,81.0,0.3,100.0,86.0,4.0,14:30:33
,,,,,100.0,81.0,0.3,100.0,86.0,4.0,14:30:34
,,,,,100.0,79.0,0.3,100.0,86.0,4.0,14:30:34
,,,,,100.0,79.0,0.3,100.0,86.0,4.0,14:30:35
,,,,,100.0,79.0,0.3,100.0,85.0,4.0,14:30:35
,,,,,100.0,79.0,0.3,100.0,85.0,4.0,14:30:36
,,,,,100.0,81.0,0.3,100.0,85.0,4.0,14:30:36
,,,,,100.0,81.0,0.3,100.0,85.0,4.0,14:30:37
,,,,,100.0,81.0,0.3,100.0,84.0,4.0,14:30:37
,,,,,100.0,81.0,0.3,100.0,84.0,4.0,14:30:38
,,,,,100.0,81.0,0.3,100.0,84.0,4.0,14:30:38
,,,,,100.0,81.0,0.3,100.0,84.0,4.0,14:30:39
,,,,,100.0,81.0,0.3,100.0,84.0,5.0,14:30:39
,,,,,100.0,81.0,0.3,100.0,84.0,5.0,14:30:40
,,,,,100.0,82.0,0.3,100.0,84.0,5.0,14:30:40
,,,,,100.0,82.0,0.3,100.0,84.0,5.0,14:30:41
,,,,,99.0,82.0,0.3,100.0,85.0,4.0,14:30:41
,,,,,99.0,82.0,0.3,100.0,85.0,4.0,14:30:42
,,,,,98.0,82.0,0.3,100.0,85.0,4.0,14:30:42
,,,,,98.0,82.0,0.3,100.0,85.0,4.0,14:30:43
,,,,,98.0,82.0,0.3,100.0,86.0,4.0,14:30:43
,,,,,98.0,82.0,0.3,100.0,86.0,4.0,14:30:44
,,,,,98.0,82.0,0.3,100.0,86.0,4.0,14:30:44
,,,,,98.0,82.0,0.3,100.0,86.0,4.0,14:30:45
,,,,,98.0,82.0,0.3,100.0,86.0,4.0,14:30:45
,,,,,98.0,82.0,0.3,100.0,86.0,4.0,14:30:46
,,,,,99.0,83.0,0.3,100.0,86.0,4.0,14:30:46
,,,,,99.0,83.0,0.3,100.0,86.0,4.0,14:30:47
,,,,,100.0,83.0,0.3,100.0,84.0,4.0,14:30:47
,,,,,100.0,83.0,0.3,100.0,84.0,4.0,14:30:48
,,,,,99.0,85.0,0.3,100.0,84.0,4.0,14:30:48
,,,,,99.0,85.0,0.3,100.0,84.0,4.0,14:30:49
,,,,,99.0,85.0,0.3,100.0,85.0,4.0,14:30:49
,,,,,99.0,85.0,0.3,100.0,85.0,4.0,14:30:50
,,,,,99.0,85.0,0.3,100.0,85.0,4.0,14:30:50
,,,,,99.0,85.0,0.3,100.0,85.0,4.0,14:30:51
,,,,,99.0,85.0,0.3,100.0,85.0,4.0,14:30:51
,,,,,99.0,85.0,0.3,100.0,85.0,4.0,14:30:52
,,,,,98.0,85.0,0.3,100.0,85.0,4.0,14:30:52
,,,,,98.0,85.0,0.3,100.0,87.0,4.0,14:30:53
,,,,,98.0,86.0,0.3,100.0,87.0,4.0,14:30:53
,,,,,98.0,86.0,0.3,100.0,87.0,4.0,14:30:54
,,,,,98.0,86.0,0.3,100.0,87.0,4.0,14:30:54
,,,,,98.0,86.0,0.3,100.0,87.0,4.0,14:30:55
,,,,,98.0,86.0,0.3,100.0,89.0,4.0,14:30:55
,,,,,98.0,86.0,0.3,100.0,89.0,4.0,14:30:56
,,,,,98.0,86.0,0.3,100.0,89.0,4.0,14:30:56
,,,,,98.0,86.0,0.3,100.0,89.0,4.0,14:30:57
,,,,,98.0,87.0,0.3,100.0,89.0,4.0,14:30:57
,,,,,98.0,87.0,0.3,100.0,89.0,4.0,14:30:58
,,,,,98.0,87.0,0.3,100.0,89.0,4.0,14:30:58
,,,,,98.0,87.0,0.3,100.0,89.0,4.0,14:30:59
,,,,,98.0,87.0,0.3,100.0,91.0,4.0,14:30:59
,,,,,98.0,87.0,0.3,100.0,91.0,4.0,14:31:00
,,,,,98.0,88.0,0.3,100.0,91.0,4.0,14:31:00
,,,,,98.0,88.0,0.3,100.0,91.0,4.0,14:31:01
,,,,,98.0,88.0,0.3,100.0,91.0,4.0,14:31:01
,,,,,98.0,88.0,0.3,100.0,91.0,4.0,14:31:02
,,,,,98.0,89.0,0.3,100.0,91.0,4.0,14:31:02
,,,,,98.0,89.0,0.3,100.0,91.0,4.0,14:31:03
,,,,,98.0,89.0,0.3,100.0,91.0,4.0,14:31:03
,,,,,98.0,89.0,0.3,100.0,91.0,4.0,14:31:04
,,,,,98.0,90.0,0.3,100.0,91.0,4.0,14:31:04
,,,,,98.0,90.0,0.3,100.0,91.0,4.0,14:31:05
,,,,,98.0,90.0,0.3,100.0,91.0,4.0,14:31:05
,,,,,98.0,90.0,0.3,100.0,91.0,4.0,14:31:06
,,,,,98.0,90.0,0.3,100.0,91.0,4.0,14:31:06
,,,,,98.0,90.0,0.3,100.0,91.0,4.0,14:31:07
,,,,,98.0,90.0,0.3,100.0,92.0,3.0,14:31:07
,,,,,98.0,90.0,0.3,100.0,92.0,3.0,14:31:08
,,,,,98.0,90.0,0.3,100.0,92.0,3.0,14:31:08
,,,,,98.0,90.0,0.3,100.0,92.0,3.0,14:31:09
,,,,,98.0,91.0,0.3,100.0,93.0,4.0,14:31:09
,,,,,98.0,91.0,0.3,100.0,93.0,4.0,14:31:10
,,,,,98.0,91.0,0.3,100.0,93.0,4.0,14:31:10
,,,,,98.0,91.0,0.3,100.0,93.0,4.0,14:31:11
,,,,,98.0,92.0,0.3,100.0,93.0,4.0,14:31:11
,,,,,98.0,92.0,0.3,100.0,93.0,4.0,14:31:12
,,,,,98.0,92.0,0.3,100.0,93.0,4.0,14:31:12
,,,,,98.0,92.0,0.3,100.0,93.0,4.0,14:31:13
,,,,,99.0,94.0,0.3,100.0,93.0,4.0,14:31:13
,,,,,99.0,94.0,0.3,100.0,93.0,4.0,14:31:14
,,,,,99.0,94.0,0.3,100.0,93.0,4.0,14:31:14
,,,,,99.0,94.0,0.3,100.0,93.0,4.0,14:31:15
,,,,,99.0,94.0,0.3,100.0,94.0,4.0,14:31:15
,,,,,99.0,94.0,0.3,100.0,94.0,4.0,14:31:16
,,,,,99.0,94.0,0.3,100.0,94.0,4.0,14:31:16
,,,,,99.0,94.0,0.3,100.0,94.0,4.0,14:31:17
,,,,,99.0,95.0,0.3,100.0,94.0,4.0,14:31:17
,,,,,99.0,95.0,0.3,100.0,94.0,4.0,14:31:18
,,,,,99.0,95.0,0.3,100.0,94.0,4.0,14:31:18
,,,,,99.0,95.0,0.3,100.0,94.0,4.0,14:31:19
,,,,,99.0,95.0,0.3,100.0,95.0,4.0,14:31:19
,,,,40.0,99.0,95.0,0.3,100.0,95.0,4.0,14:31:20
,,,,,99.0,95.0,0.3,100.0,95.0,4.0,14:31:20
,,,,,99.0,95.0,0.3,100.0,95.0,4.0,14:31:21
,,,,,100.0,95.0,0.3,100.0,95.0,4.0,14:31:21
,,,,25.0,100.0,95.0,0.3,100.0,95.0,4.0,14:31:22
,,,,25.0,100.0,95.0,0.3,100.0,95.0,4.0,14:31:22
,,,,,100.0,95.0,0.3,100.0,95.0,4.0,14:31:23
,,,,,100.0,95.0,0.3,100.0,94.0,4.0,14:31:23
,,,,,100.0,95.0,0.3,100.0,94.0,4.0,14:31:24
,,,,,100.0,95.0,0.3,100.0,94.0,4.0,14:31:24
,,,,,100.0,95.0,0.3,100.0,94.0,4.0,14:31:25
,,,,,99.0,95.0,0.3,100.0,94.0,4.0,14:31:25
,,,,,99.0,95.0,0.3,100.0,94.0,4.0,14:31:26
,,,,,99.0,96.0,0.3,100.0,94.0,4.0,14:31:26
,,,,,99.0,96.0,0.3,100.0,94.0,4.0,14:31:27
,,,,,99.0,95.0,0.3,100.0,94.0,4.0,14:31:27
,,,,,99.0,95.0,0.3,100.0,94.0,4.0,14:31:28
,,,,,99.0,95.0,0.3,100.0,94.0,4.0,14:31:28
,,,,,99.0,95.0,0.3,100.0,94.0,4.0,14:31:29
,,,,,99.0,95.0,0.3,100.0,92.0,4.0,14:31:29
,,,,,99.0,95.0,0.3,100.0,92.0,4.0,14:31:30
,,,,,99.0,95.0,0.3,100.0,92.0,4.0,14:31:30
,,,,,99.0,95.0,0.3,100.0,92.0,4.0,14:31:31
,,,,,99.0,95.0,0.3,100.0,91.0,4.0,14:31:31
,,,,,99.0,95.0,0.3,100.0,91.0,4.0,14:31:32
,,,,,99.0,94.0,0.3,100.0,91.0,4.0,14:31:32
,,,,14.0,99.0,94.0,0.3,100.0,91.0,4.0,14:31:33
,,,,,99.0,93.0,0.3,100.0,91.0,4.0,14:31:33
,27.273535,,,5.0,99.0,93.0,0.3,100.0,91.0,4.0,14:31:34
,27.273535,,,13.0,99.0,92.0,0.3,100.0,91.0,4.0,14:31:34
,27.273535,120.830039,98.96599,13.0,99.0,92.0,0.3,100.0,91.0,4.0,14:31:35
,27.273535,120.830039,98.96599,13.0,99.0,92.0,0.3,100.0,91.0,4.0,14:31:35
,27.273535,120.830039,98.96599,13.0,99.0,92.0,0.3,100.0,91.0,4.0,14:31:36
,27.273535,120.830039,98.96599,13.0,98.0,92.0,0.3,100.0,91.0,4.0,14:31:36
,27.273535,120.830039,98.96599,13.0,98.0,93.0,0.3,100.0,91.0,4.0,14:31:37
,28.348856,120.830039,98.937486,14.0,98.0,93.0,0.3,100.0,89.0,4.0,14:31:37
,28.348856,117.033931,98.832702,14.0,98.0,93.0,0.3,100.0,89.0,4.0,14:31:38
,28.348856,117.033931,98.832702,14.0,98.0,92.0,0.3,100.0,89.0,4.0,14:31:38
,,117.033931,100.0,,98.0,92.0,0.3,100.0,89.0,4.0,14:31:39
,,117.033931,100.0,15.0,98.0,95.0,0.3,100.0,87.0,4.0,14:31:39
,28.348856,117.033931,98.832702,4.0,98.0,95.0,0.3,100.0,87.0,4.0,14:31:40
,28.348856,117.033931,98.832702,4.0,98.0,96.0,0.3,100.0,87.0,4.0,14:31:40
,28.348856,117.033931,98.832702,4.0,98.0,96.0,0.3,100.0,87.0,4.0,14:31:41
,28.348856,117.033931,98.832702,6.0,98.0,96.0,0.3,100.0,87.0,4.0,14:31:41
,32.016075,117.033931,98.727736,12.0,98.0,96.0,0.3,100.0,87.0,4.0,14:31:42
,32.016075,111.658587,98.537509,12.0,98.0,96.0,0.3,100.0,87.0,4.0,14:31:42
,32.016075,111.658587,98.537509,12.0,98.0,96.0,0.3,100.0,89.0,4.0,14:31:43
,32.016075,111.658587,98.537509,14.0,98.0,91.0,0.3,100.0,90.0,3.0,14:31:43
,32.016075,111.658587,98.537509,6.0,98.0,91.0,0.3,100.0,90.0,3.0,14:31:44
,32.016075,111.658587,98.537509,13.0,98.0,91.0,0.3,100.0,90.0,3.0,14:31:44
,32.016075,111.658587,98.537509,6.0,98.0,91.0,0.3,100.0,90.0,3.0,14:31:45
,32.016075,111.658587,98.537509,13.0,98.0,91.0,0.3,100.0,89.0,4.0,14:31:45
,30.99427,111.658587,98.571025,13.0,98.0,91.0,0.3,100.0,89.0,4.0,14:31:46
,30.99427,112.478427,98.601606,13.0,98.0,91.0,0.3,100.0,89.0,4.0,14:31:46
,32.016075,111.658587,98.537509,14.0,98.0,91.0,0.3,100.0,89.0,4.0,14:31:47
,32.016075,111.658587,98.537509,9.0,98.0,91.0,0.3,100.0,91.0,4.0,14:31:47
,33.180904,112.109461,98.517523,7.0,98.0,91.0,0.3,100.0,91.0,4.0,14:31:48
,33.180904,112.109461,98.517523,13.0,98.0,91.0,0.3,100.0,91.0,4.0,14:31:48
,33.180904,112.109461,98.517523,12.0,98.0,91.0,0.3,100.0,91.0,4.0,14:31:49
,33.180904,112.109461,98.517523,12.0,98.0,91.0,0.3,100.0,91.0,6.0,14:31:49
,28.795177,112.109461,98.6603,13.0,98.0,91.0,0.3,100.0,91.0,6.0,14:31:50
,28.795177,112.48515,98.673439,11.0,98.0,91.0,0.3,100.0,91.0,6.0,14:31:50
,28.795177,112.48515,98.673439,18.0,98.0,91.0,0.3,100.0,91.0,6.0,14:31:51
,28.795177,112.48515,98.673439,13.0,98.0,91.0,0.3,100.0,91.0,4.0,14:31:51
,28.795177,112.48515,98.673439,13.0,98.0,91.0,0.3,100.0,91.0,4.0,14:31:52
,30.659727,112.48515,98.612643,17.0,98.0,92.0,0.3,100.0,91.0,4.0,14:31:52
,30.659727,110.495862,98.537527,17.0,98.0,92.0,0.3,100.0,91.0,4.0,14:31:53
,30.659727,110.495862,98.537527,17.0,98.0,92.0,0.3,100.0,90.0,6.0,14:31:53
,30.659727,110.495862,98.537527,17.0,98.0,92.0,0.3,100.0,90.0,6.0,14:31:54
,30.659727,110.495862,98.537527,17.0,98.0,92.0,0.3,100.0,90.0,6.0,14:31:54
,30.659727,110.495862,98.537527,17.0,98.0,92.0,0.3,100.0,90.0,6.0,14:31:55
,30.659727,110.495862,98.537527,17.0,98.0,92.0,0.3,100.0,92.0,5.0,14:31:55
,30.659727,110.495862,98.537527,17.0,98.0,92.0,0.3,100.0,92.0,5.0,14:31:56
,30.659727,110.495862,98.537527,17.0,98.0,91.0,0.3,100.0,92.0,5.0,14:31:56
,30.659727,110.495862,98.537527,17.0,98.0,91.0,0.3,100.0,92.0,5.0,14:31:57
,30.659727,110.495862,98.537527,17.0,98.0,91.0,0.3,100.0,95.0,5.0,14:31:57
,30.659727,110.495862,98.537527,17.0,98.0,91.0,0.3,100.0,95.0,5.0,14:31:58
,30.659727,110.495862,98.537527,17.0,98.0,91.0,0.3,100.0,95.0,5.0,14:31:58
,30.659727,110.495862,98.537527,17.0,98.0,91.0,0.3,100.0,95.0,5.0,14:31:59
,30.659727,110.495862,98.537527,17.0,98.0,91.0,0.3,100.0,95.0,4.0,14:31:59
,30.659727,110.495862,98.537527,17.0,98.0,91.0,0.3,100.0,95.0,4.0,14:32:00
,30.659727,110.495862,98.537527,16.0,98.0,90.0,0.3,100.0,95.0,4.0,14:32:00
,27.199919,110.495862,98.657878,16.0,98.0,90.0,0.3,100.0,95.0,4.0,14:32:01
,27.199919,124.341917,99.051341,16.0,98.0,88.0,0.3,100.0,88.0,4.0,14:32:01
,27.199919,124.341917,99.051341,16.0,98.0,88.0,0.3,100.0,88.0,4.0,14:32:02
,27.199919,124.341917,99.051341,16.0,98.0,89.0,0.3,100.0,88.0,4.0,14:32:02
,27.199919,124.341917,99.051341,16.0,98.0,89.0,0.3,100.0,88.0,4.0,14:32:03
,27.199919,124.341917,99.051341,16.0,98.0,90.0,0.3,100.0,85.0,4.0,14:32:03
,27.199919,124.341917,99.051341,16.0,98.0,90.0,0.3,100.0,85.0,4.0,14:32:04
,26.186422,124.341917,99.076178,18.0,98.0,90.0,0.3,100.0,85.0,4.0,14:32:04
,26.186422,126.192529,99.115375,18.0,98.0,90.0,0.3,100.0,85.0,4.0,14:32:05
,26.186422,126.192529,99.115375,18.0,98.0,87.0,0.3,100.0,87.0,4.0,14:32:05
,26.186422,126.192529,99.115375,18.0,98.0,87.0,0.3,100.0,87.0,4.0,14:32:06
,26.186422,126.192529,99.115375,18.0,98.0,90.0,0.3,100.0,87.0,4.0,14:32:06
,26.565002,126.192529,99.106491,18.0,98.0,90.0,0.3,100.0,87.0,4.0,14:32:07
,26.565002,127.026824,99.123619,18.0,98.0,90.0,0.3,100.0,88.0,4.0,14:32:07
,26.565002,127.026824,99.123619,18.0,98.0,90.0,0.3,100.0,88.0,4.0,14:32:08
,26.565002,127.026824,99.123619,18.0,99.0,90.0,0.3,100.0,88.0,4.0,14:32:08
,26.565002,127.026824,99.123619,18.0,99.0,90.0,0.3,100.0,88.0,4.0,14:32:09
,26.565002,127.026824,99.123619,18.0,99.0,89.0,0.3,100.0,87.0,4.0,14:32:09
,26.565002,127.026824,99.123619,18.0,99.0,89.0,0.3,100.0,87.0,4.0,14:32:10
,26.565002,127.026824,99.123619,18.0,99.0,89.0,0.3,100.0,87.0,4.0,14:32:10
,27.160751,127.026824,99.110008,17.0,99.0,89.0,0.3,100.0,87.0,4.0,14:32:11
,27.160751,125.269754,99.072791,17.0,99.0,81.0,0.3,100.0,86.0,4.0,14:32:11
,27.160751,125.269754,99.072791,17.0,99.0,81.0,0.3,100.0,86.0,4.0,14:32:12
,27.160751,125.269754,99.072791,17.0,99.0,80.0,0.3,100.0,86.0,4.0,14:32:12
,27.160751,125.269754,99.072791,17.0,99.0,80.0,0.3,100.0,86.0,4.0,14:32:13
,27.160751,125.269754,99.072791,16.0,100.0,82.0,0.3,100.0,85.0,4.0,14:32:13
,28.151247,125.269754,99.049346,16.0,100.0,82.0,0.3,100.0,85.0,4.0,14:32:14
,28.151247,122.960785,98.995774,16.0,100.0,82.0,0.3,100.0,85.0,4.0,14:32:14
,28.151247,122.960785,98.995774,16.0,100.0,82.0,0.3,100.0,85.0,4.0,14:32:15
,28.151247,122.960785,98.995774,16.0,100.0,86.0,0.3,100.0,86.0,4.0,14:32:15
,30.691166,122.960785,98.933187,20.0,100.0,86.0,0.3,100.0,86.0,4.0,14:32:16
,30.691166,121.009875,98.881457,20.0,100.0,86.0,0.3,100.0,86.0,4.0,14:32:16
,30.691166,121.009875,98.881457,20.0,100.0,86.0,0.3,100.0,86.0,4.0,14:32:17
,30.691166,121.009875,98.881457,20.0,100.0,93.0,0.3,100.0,87.0,3.0,14:32:17
,30.691166,121.009875,98.881457,20.0,100.0,93.0,0.3,100.0,87.0,3.0,14:32:18
,30.691166,121.009875,98.881457,20.0,100.0,91.0,0.3,100.0,87.0,3.0,14:32:18
,30.691166,121.009875,98.881457,20.0,100.0,91.0,0.3,100.0,87.0,3.0,14:32:19
,30.691166,121.009875,98.881457,20.0,100.0,88.0,0.3,100.0,90.0,4.0,14:32:19
,30.691166,121.009875,98.881457,20.0,100.0,88.0,0.3,100.0,90.0,4.0,14:32:20
,30.691166,121.009875,98.881457,20.0,100.0,88.0,0.3,100.0,90.0,4.0,14:32:20
,26.27154,121.009875,98.997247,20.0,100.0,88.0,0.3,100.0,90.0,4.0,14:32:21
,26.27154,124.767189,99.083313,20.0,100.0,88.0,0.3,100.0,86.0,4.0,14:32:21
,26.27154,124.767189,99.083313,20.0,100.0,88.0,0.3,100.0,86.0,4.0,14:32:22
,26.27154,124.767189,99.083313,20.0,100.0,90.0,0.3,100.0,86.0,4.0,14:32:22
,26.27154,124.767189,99.083313,20.0,100.0,90.0,0.3,100.0,86.0,4.0,14:32:23
,26.27154,124.767189,99.083313,19.0,100.0,89.0,0.3,100.0,85.0,4.0,14:32:23
,26.27154,124.767189,99.083313,19.0,100.0,89.0,0.3,100.0,85.0,4.0,14:32:24
,26.27154,124.767189,99.083313,19.0,100.0,89.0,0.3,100.0,85.0,4.0,14:32:24
,26.27154,124.767189,99.083313,19.0,100.0,89.0,0.3,100.0,85.0,4.0,14:32:25
,26.27154,124.767189,99.083313,20.0,100.0,89.0,0.3,100.0,88.0,4.0,14:32:25
,26.27154,124.767189,99.083313,19.0,100.0,89.0,0.3,100.0,88.0,4.0,14:32:26
,30.486824,124.767189,98.983028,20.0,100.0,89.0,0.3,100.0,88.0,4.0,14:32:26
,30.486824,116.649544,98.759023,20.0,100.0,89.0,0.3,100.0,88.0,4.0,14:32:27
,30.486824,116.649544,98.759023,20.0,100.0,89.0,0.3,100.0,88.0,4.0,14:32:27
,30.486824,116.649544,98.759023,20.0,100.0,89.0,0.3,100.0,88.0,4.0,14:32:28
,30.486824,116.649544,98.759023,16.0,100.0,88.0,0.3,100.0,88.0,4.0,14:32:28
,30.486824,116.649544,98.759023,16.0,100.0,88.0,0.3,100.0,88.0,4.0,14:32:29
,30.064619,116.649544,98.77122,16.0,100.0,92.0,0.3,100.0,84.0,4.0,14:32:29
,30.064619,115.627827,98.73886,16.0,100.0,92.0,0.3,100.0,84.0,4.0,14:32:30
,30.064619,115.627827,98.73886,16.0,100.0,92.0,0.3,100.0,84.0,4.0,14:32:30
,30.064619,115.627827,98.73886,16.0,100.0,92.0,0.3,100.0,84.0,4.0,14:32:31
,30.064619,115.627827,98.73886,16.0,100.0,91.0,0.3,100.0,84.0,4.0,14:32:31
,30.064619,115.627827,98.73886,16.0,100.0,91.0,0.3,100.0,84.0,4.0,14:32:32
,30.064619,115.627827,98.73886,16.0,100.0,79.0,0.3,100.0,84.0,4.0,14:32:32
,25.948021,115.627827,98.864119,16.0,100.0,79.0,0.3,100.0,84.0,4.0,14:32:33
,25.948021,123.030622,99.053073,16.0,100.0,79.0,0.3,100.0,89.0,3.0,14:32:33
,25.948021,123.030622,99.053073,16.0,100.0,79.0,0.3,100.0,89.0,3.0,14:32:34
,25.948021,123.030622,99.053073,16.0,100.0,79.0,0.3,100.0,89.0,3.0,14:32:34
,25.948021,123.030622,99.053073,16.0,100.0,79.0,0.3,100.0,89.0,3.0,14:32:35
,25.948021,123.030622,99.053073,16.0,100.0,87.0,0.3,100.0,89.0,4.0,14:32:35
,25.948021,123.030622,99.053073,16.0,100.0,89.0,0.3,100.0,89.0,4.0,14:32:36
,23.589008,123.030622,99.11427,15.0,100.0,89.0,0.3,100.0,89.0,4.0,14:32:36
,23.589008,129.189523,99.23188,15.0,100.0,89.0,0.3,100.0,89.0,4.0,14:32:37
,23.589008,129.189523,99.23188,15.0,100.0,89.0,0.3,100.0,89.0,4.0,14:32:37
,23.589008,129.189523,99.23188,15.0,100.0,89.0,0.3,100.0,89.0,4.0,14:32:38
,23.589008,129.189523,99.23188,15.0,100.0,89.0,0.3,100.0,89.0,4.0,14:32:38
,23.589008,129.189523,99.23188,15.0,100.0,89.0,0.3,100.0,89.0,4.0,14:32:39
,23.589008,129.189523,99.23188,15.0,100.0,89.0,0.3,100.0,90.0,4.0,14:32:39
,23.589008,129.189523,99.23188,15.0,100.0,90.0,0.3,100.0,90.0,4.0,14:32:40
,24.692213,129.189523,99.207176,15.0,100.0,90.0,0.3,100.0,90.0,4.0,14:32:40
,24.692213,129.543167,99.21349,15.0,100.0,90.0,0.3,100.0,90.0,4.0,14:32:41
,24.692213,129.543167,99.21349,15.0,100.0,91.0,0.3,100.0,90.0,4.0,14:32:41
,24.692213,129.543167,99.21349,15.0,100.0,93.0,0.3,100.0,90.0,4.0,14:32:42
,24.692213,129.543167,99.21349,15.0,100.0,93.0,0.3,100.0,90.0,4.0,14:32:42
,24.692213,129.543167,99.21349,15.0,100.0,93.0,0.3,100.0,90.0,4.0,14:32:43
,24.692213,129.543167,99.21349,15.0,100.0,92.0,0.3,100.0,91.0,4.0,14:32:43
,24.113253,129.543167,99.226298,17.0,100.0,92.0,0.3,100.0,91.0,4.0,14:32:44
,24.113253,131.864117,99.265402,17.0,100.0,92.0,0.3,100.0,91.0,4.0,14:32:44
,24.113253,131.864117,99.265402,17.0,100.0,90.0,0.3,100.0,91.0,4.0,14:32:45
,24.113253,131.864117,99.265402,17.0,100.0,90.0,0.3,100.0,94.0,4.0,14:32:45
,24.113253,131.864117,99.265402,17.0,100.0,90.0,0.3,100.0,94.0,4.0,14:32:46
,22.660706,131.864117,99.296187,18.0,100.0,90.0,0.3,100.0,94.0,4.0,14:32:46
,22.660706,131.864117,99.296187,18.0,100.0,91.0,0.3,100.0,94.0,4.0,14:32:47
,22.660706,133.633134,99.322953,18.0,100.0,91.0,0.3,100.0,97.0,4.0,14:32:47
,22.660706,133.633134,99.322953,18.0,100.0,94.0,0.3,100.0,97.0,4.0,14:32:48
,22.660706,133.633134,99.322953,18.0,100.0,94.0,0.3,100.0,97.0,4.0,14:32:48
,22.660706,133.633134,99.322953,18.0,100.0,94.0,0.3,100.0,97.0,4.0,14:32:49
,22.660706,133.633134,99.322953,18.0,100.0,96.0,0.3,100.0,97.0,4.0,14:32:49
1.0,22.660706,133.633134,99.322953,18.0,100.0,96.0,0.3,100.0,97.0,4.0,14:32:50
1.0,26.554461,133.633134,99.245103,17.0,100.0,96.0,0.3,100.0,97.0,4.0,14:32:50
1.0,26.554461,129.89371,99.179459,17.0,100.0,97.0,0.3,100.0,97.0,4.0,14:32:51
1.0,26.554461,129.89371,99.179459,17.0,100.0,97.0,0.3,100.0,98.0,4.0,14:32:51
1.0,26.554461,129.89371,99.179459,17.0,100.0,101.0,0.3,100.0,98.0,4.0,14:32:52
1.0,26.554461,129.89371,99.179459,17.0,100.0,101.0,0.3,100.0,98.0,4.0,14:32:52
1.0,26.554461,129.89371,99.179459,17.0,100.0,101.0,0.3,100.0,98.0,4.0,14:32:53
1.0,26.554461,129.89371,99.179459,17.0,100.0,101.0,0.3,100.0,98.0,4.0,14:32:53
1.0,26.554461,129.89371,99.179459,17.0,100.0,100.0,0.3,100.0,98.0,4.0,14:32:54
1.0,24.02495,129.89371,99.234326,17.0,100.0,100.0,0.3,100.0,98.0,4.0,14:32:54
1.0,24.02495,129.89371,99.234326,17.0,100.0,99.0,0.3,100.0,98.0,4.0,14:32:55
,24.02495,133.25189,99.289318,17.0,100.0,99.0,0.3,100.0,98.0,4.0,14:32:55
,24.02495,133.25189,99.289318,17.0,100.0,99.0,0.3,100.0,98.0,4.0,14:32:56
,24.02495,133.25189,99.289318,17.0,100.0,99.0,0.3,100.0,98.0,4.0,14:32:56
,24.02495,133.25189,99.289318,17.0,100.0,99.0,0.3,100.0,98.0,4.0,14:32:57
,24.02495,133.25189,99.289318,17.0,100.0,99.0,0.3,100.0,97.0,4.0,14:32:57
,24.344376,133.25189,99.28284,17.0,100.0,99.0,0.3,100.0,97.0,4.0,14:32:58
,24.344376,132.594021,99.272392,17.0,100.0,99.0,0.3,100.0,97.0,4.0,14:32:58
,24.344376,132.594021,99.272392,17.0,100.0,97.0,0.3,100.0,97.0,4.0,14:32:59
,24.344376,132.594021,99.272392,17.0,100.0,97.0,0.3,100.0,96.0,4.0,14:32:59
,24.344376,132.594021,99.272392,17.0,100.0,97.0,0.3,100.0,96.0,4.0,14:33:00
,24.344376,132.594021,99.272392,17.0,100.0,97.0,0.3,100.0,96.0,4.0,14:33:00
,23.682272,132.594021,99.286064,18.0,100.0,98.0,0.3,100.0,96.0,4.0,14:33:01
,23.682272,134.058888,99.308585,18.0,100.0,98.0,0.3,100.0,97.0,4.0,14:33:01
,23.682272,134.058888,99.308585,18.0,100.0,98.0,0.3,100.0,97.0,4.0,14:33:02
,23.682272,134.058888,99.308585,18.0,100.0,98.0,0.3,100.0,97.0,4.0,14:33:02
,18.776728,134.058888,99.41043,19.0,100.0,96.0,0.3,100.0,97.0,4.0,14:33:03
,18.776728,142.876387,99.50906,19.0,100.0,96.0,0.3,100.0,96.0,4.0,14:33:03
,18.776728,142.876387,99.50906,19.0,100.0,96.0,0.3,100.0,96.0,4.0,14:33:04
,18.776728,142.876387,99.50906,19.0,100.0,96.0,0.3,100.0,96.0,4.0,14:33:04
,18.776728,142.876387,99.50906,19.0,100.0,96.0,0.3,100.0,96.0,4.0,14:33:05
,18.776728,142.876387,99.50906,19.0,100.0,96.0,0.3,100.0,97.0,5.0,14:33:05
,18.776728,142.876387,99.50906,20.0,100.0,96.0,0.3,100.0,97.0,5.0,14:33:06
,24.088331,133.849973,99.297281,16.0,100.0,96.0,0.3,100.0,97.0,5.0,14:33:06
,24.088331,133.849973,99.297281,16.0,100.0,96.0,0.3,100.0,97.0,5.0,14:33:07
,24.088331,133.849973,99.297281,20.0,100.0,96.0,0.3,100.0,93.0,5.0,14:33:07
,24.088331,133.849973,99.297281,20.0,100.0,96.0,0.3,100.0,93.0,5.0,14:33:08
,24.088331,133.849973,99.297281,20.0,100.0,96.0,0.3,100.0,93.0,5.0,14:33:08
,22.7456,133.849973,99.324407,22.0,100.0,94.0,0.3,100.0,93.0,5.0,14:33:09
,22.7456,134.665334,99.336242,22.0,100.0,94.0,0.3,100.0,94.0,4.0,14:33:09
,22.7456,134.665334,99.336242,17.0,100.0,94.0,0.3,100.0,94.0,4.0,14:33:10
,22.7456,134.665334,99.336242,22.0,100.0,94.0,0.3,100.0,94.0,4.0,14:33:10
,22.7456,134.665334,99.336242,22.0,100.0,94.0,0.3,100.0,94.0,4.0,14:33:11
,22.7456,134.665334,99.336242,22.0,100.0,94.0,0.3,100.0,96.0,4.0,14:33:11
,22.7456,134.665334,99.336242,22.0,100.0,94.0,0.3,100.0,96.0,4.0,14:33:12
,23.443548,134.665334,99.32235,21.0,100.0,94.0,0.3,100.0,96.0,4.0,14:33:12
,23.443548,134.308177,99.317083,17.0,100.0,95.0,0.3,100.0,96.0,4.0,14:33:13
,23.443548,134.308177,99.317083,21.0,100.0,95.0,0.3,100.0,95.0,4.0,14:33:13
,23.443548,134.308177,99.317083,21.0,100.0,96.0,0.3,100.0,95.0,4.0,14:33:14
,23.443548,134.308177,99.317083,21.0,100.0,96.0,0.3,100.0,95.0,4.0,14:33:14
,23.443548,134.308177,99.317083,21.0,100.0,96.0,0.3,100.0,95.0,4.0,14:33:15
,23.443548,134.308177,99.317083,17.0,100.0,96.0,0.3,100.0,95.0,4.0,14:33:15
,23.079823,134.308177,99.324367,20.0,100.0,95.0,0.3,100.0,95.0,4.0,14:33:16
,23.079823,135.071083,99.335422,17.0,100.0,95.0,0.3,100.0,95.0,4.0,14:33:16
,23.079823,135.071083,99.335422,17.0,100.0,95.0,0.3,100.0,95.0,4.0,14:33:17
,23.079823,135.071083,99.335422,20.0,100.0,95.0,0.3,100.0,95.0,4.0,14:33:17
,23.079823,135.071083,99.335422,20.0,100.0,95.0,0.3,100.0,95.0,4.0,14:33:18
,23.079823,135.071083,99.335422,20.0,100.0,95.0,0.3,100.0,95.0,4.0,14:33:18
,23.079823,135.071083,99.335422,20.0,100.0,98.0,0.3,100.0,95.0,4.0,14:33:19
,23.079823,135.071083,99.335422,20.0,100.0,98.0,0.3,100.0,97.0,4.0,14:33:19
,24.516621,135.071083,99.307368,18.0,100.0,98.0,0.3,100.0,97.0,4.0,14:33:20
,24.516621,135.071083,99.307368,16.0,100.0,98.0,0.3,100.0,97.0,4.0,14:33:20
,24.516621,135.071083,99.307368,18.0,100.0,98.0,0.3,100.0,97.0,4.0,14:33:21
,24.516621,135.071083,99.307368,18.0,100.0,98.0,0.3,100.0,97.0,4.0,14:33:21
,24.516621,135.071083,99.307368,18.0,100.0,98.0,0.3,100.0,97.0,4.0,14:33:22
,24.516621,10.832528,9.040615,18.0,100.0,98.0,0.3,100.0,97.0,4.0,14:33:22
,24.516621,10.832528,9.040615,18.0,100.0,97.0,0.3,100.0,96.0,4.0,14:33:23
,24.516621,10.832528,9.040615,18.0,100.0,97.0,0.3,100.0,97.0,4.0,14:33:23
,23.909569,10.832528,9.178767,17.0,100.0,97.0,0.3,100.0,97.0,4.0,14:33:24
,23.909569,10.832528,9.178767,17.0,100.0,97.0,0.3,100.0,97.0,4.0,14:33:24
,23.909569,10.832528,9.178767,17.0,100.0,98.0,0.3,100.0,97.0,4.0,14:33:25
,23.909569,10.832528,9.178767,17.0,100.0,98.0,0.3,100.0,96.0,4.0,14:33:25
,23.909569,10.832528,9.178767,17.0,100.0,98.0,0.3,100.0,96.0,4.0,14:33:26
,23.909569,10.832528,9.178767,17.0,100.0,98.0,0.3,100.0,96.0,4.0,14:33:26
,25.945621,61.191003,92.877307,17.0,100.0,98.0,0.3,100.0,96.0,4.0,14:33:27
,25.945621,61.191003,92.877307,17.0,100.0,98.0,0.3,100.0,98.0,4.0,14:33:27
,25.945621,61.191003,92.877307,17.0,100.0,98.0,0.3,100.0,98.0,4.0,14:33:28
,25.945621,61.191003,92.877307,17.0,100.0,98.0,0.3,100.0,98.0,4.0,14:33:28
,25.945621,49.619243,87.419171,17.0,100.0,98.0,0.3,100.0,98.0,4.0,14:33:29
,25.945621,49.619243,87.419171,17.0,100.0,98.0,0.3,100.0,99.0,4.0,14:33:29
,26.859245,49.619243,87.091283,18.0,100.0,99.0,0.3,100.0,99.0,4.0,14:33:30
,26.859245,49.619243,87.091283,18.0,100.0,99.0,0.3,100.0,99.0,4.0,14:33:30
,26.859245,49.619243,87.091283,18.0,100.0,100.0,0.3,100.0,99.0,4.0,14:33:31
,26.859245,49.619243,87.091283,18.0,100.0,100.0,0.3,100.0,100.0,4.0,14:33:31
,26.859245,49.619243,87.091283,18.0,100.0,101.0,0.3,100.0,100.0,4.0,14:33:32
,26.859245,49.619243,87.091283,18.0,100.0,101.0,0.3,100.0,100.0,4.0,14:33:32
,27.852325,49.619243,86.739748,18.0,100.0,101.0,0.3,100.0,100.0,4.0,14:33:33
,27.852325,65.661053,93.828772,18.0,100.0,101.0,0.3,100.0,101.0,4.0,14:33:33
,27.852325,65.661053,93.828772,18.0,100.0,102.0,0.3,100.0,101.0,4.0,14:33:34
,27.852325,65.661053,93.828772,18.0,100.0,102.0,0.3,100.0,101.0,4.0,14:33:34
,27.852325,65.661053,93.828772,18.0,100.0,102.0,0.3,100.0,101.0,4.0,14:33:35
,27.852325,65.661053,93.828772,18.0,100.0,102.0,0.3,100.0,101.0,4.0,14:33:35
,27.852325,65.661053,93.828772,18.0,100.0,104.0,0.3,100.0,101.0,4.0,14:33:36
,27.250923,65.661053,93.930995,19.0,100.0,104.0,0.3,100.0,101.0,4.0,14:33:36
,27.250923,68.858175,94.695623,19.0,100.0,103.0,0.3,100.0,101.0,4.0,14:33:37
,27.250923,68.858175,94.695623,19.0,100.0,103.0,0.3,100.0,101.0,4.0,14:33:37
,27.250923,68.858175,94.695623,19.0,100.0,102.0,0.3,100.0,101.0,4.0,14:33:38
,27.250923,68.858175,94.695623,19.0,100.0,102.0,0.3,100.0,101.0,4.0,14:33:38
,27.250923,68.858175,94.695623,19.0,100.0,102.0,0.3,100.0,101.0,4.0,14:33:39
,27.600077,68.858175,94.643713,19.0,100.0,102.0,0.3,100.0,101.0,4.0,14:33:39
,27.600077,68.858175,94.643713,19.0,100.0,101.0,0.3,100.0,101.0,4.0,14:33:40
,27.600077,70.35189,94.961215,19.0,100.0,101.0,0.3,100.0,101.0,4.0,14:33:40
,27.600077,70.35189,94.961215,19.0,100.0,101.0,0.3,100.0,101.0,4.0,14:33:41
,27.600077,70.35189,94.961215,19.0,100.0,101.0,0.3,100.0,100.0,4.0,14:33:41
,27.600077,70.35189,94.961215,19.0,100.0,101.0,0.3,100.0,100.0,4.0,14:33:42
,27.600077,70.35189,94.961215,19.0,100.0,101.0,0.3,100.0,100.0,4.0,14:33:42
,27.600077,70.35189,94.961215,19.0,100.0,99.0,0.3,100.0,100.0,4.0,14:33:43
,27.600077,70.35189,94.961215,19.0,100.0,99.0,0.3,100.0,100.0,4.0,14:33:43
,28.065166,70.35189,94.896486,18.0,100.0,99.0,0.3,100.0,100.0,4.0,14:33:44
,28.065166,70.877061,95.003655,18.0,100.0,99.0,0.3,100.0,100.0,4.0,14:33:44
,28.065166,70.877061,95.003655,18.0,100.0,99.0,0.3,100.0,100.0,4.0,14:33:45
,28.065166,70.877061,95.003655,18.0,100.0,99.0,0.3,100.0,98.0,5.0,14:33:45
,28.065166,70.877061,95.003655,18.0,100.0,98.0,0.3,100.0,98.0,5.0,14:33:46
,28.065166,70.877061,95.003655,18.0,100.0,98.0,0.3,100.0,98.0,5.0,14:33:46
,28.065166,70.877061,95.003655,18.0,100.0,98.0,0.3,100.0,98.0,5.0,14:33:47
,28.065166,70.877061,95.003655,18.0,100.0,98.0,0.3,100.0,99.0,4.0,14:33:47
,28.210005,70.877061,94.983987,17.0,100.0,98.0,0.3,100.0,99.0,4.0,14:33:48
,28.210005,71.869448,95.179399,17.0,100.0,98.0,0.3,100.0,99.0,4.0,14:33:48
,28.210005,71.869448,95.179399,17.0,100.0,98.0,0.3,100.0,99.0,4.0,14:33:49
,28.210005,71.869448,95.179399,17.0,100.0,98.0,0.3,100.0,97.0,4.0,14:33:49
,28.210005,71.869448,95.179399,17.0,100.0,99.0,0.3,100.0,97.0,4.0,14:33:50
,28.210005,71.869448,95.179399,17.0,100.0,99.0,0.3,100.0,97.0,4.0,14:33:50
,28.210005,71.869448,95.179399,17.0,100.0,98.0,0.3,100.0,97.0,4.0,14:33:51
,27.244837,71.869448,95.305802,17.0,100.0,98.0,0.3,100.0,98.0,5.0,14:33:51
,27.244837,73.715794,95.634681,17.0,100.0,97.0,0.3,100.0,98.0,5.0,14:33:52
,27.244837,73.715794,95.634681,17.0,100.0,97.0,0.3,100.0,98.0,5.0,14:33:52
,27.244837,73.715794,95.634681,17.0,100.0,97.0,0.3,100.0,98.0,5.0,14:33:53
,27.244837,73.715794,95.634681,17.0,100.0,97.0,0.3,100.0,97.0,4.0,14:33:53
,27.244837,73.715794,95.634681,17.0,100.0,98.0,0.3,100.0,97.0,4.0,14:33:54
,27.244837,73.715794,95.634681,17.0,100.0,98.0,0.3,100.0,97.0,4.0,14:33:54
,27.244837,73.715794,95.634681,17.0,100.0,98.0,0.3,100.0,97.0,4.0,14:33:55
,27.244837,73.715794,95.634681,17.0,100.0,98.0,0.3,100.0,97.0,4.0,14:33:55
,27.28833,73.715794,95.629367,16.0,100.0,96.0,0.3,100.0,97.0,4.0,14:33:56
,27.28833,74.104499,95.694814,16.0,100.0,96.0,0.3,100.0,97.0,4.0,14:33:56
,27.28833,74.104499,95.694814,16.0,100.0,95.0,0.3,100.0,97.0,4.0,14:33:57
,27.28833,74.104499,95.694814,16.0,100.0,95.0,0.3,100.0,95.0,4.0,14:33:57
,27.28833,74.104499,95.694814,16.0,100.0,95.0,0.3,100.0,95.0,4.0,14:33:58
,27.28833,74.104499,95.694814,16.0,100.0,95.0,0.3,100.0,95.0,4.0,14:33:58
,27.28833,74.104499,95.694814,16.0,100.0,95.0,0.3,100.0,95.0,4.0,14:33:59
,27.28833,74.104499,95.694814,16.0,100.0,95.0,0.3,100.0,97.0,4.0,14:33:59
,27.28833,74.104499,95.694814,16.0,100.0,96.0,0.3,100.0,97.0,4.0,14:34:00
,28.421053,74.104499,95.559349,15.0,100.0,96.0,0.3,100.0,97.0,4.0,14:34:00
,28.421053,73.0366,95.3705,15.0,100.0,96.0,0.3,100.0,97.0,4.0,14:34:01
,28.421053,73.0366,95.3705,15.0,100.0,96.0,0.3,100.0,94.0,4.0,14:34:01
,28.421053,73.0366,95.3705,15.0,100.0,95.0,0.3,100.0,94.0,4.0,14:34:02
,28.421053,73.0366,95.3705,15.0,100.0,95.0,0.3,100.0,94.0,4.0,14:34:02
,28.421053,73.0366,95.3705,15.0,100.0,95.0,0.3,100.0,94.0,4.0,14:34:03
,28.421053,73.0366,95.3705,15.0,100.0,95.0,0.3,100.0,93.0,4.0,14:34:03
,28.421053,73.0366,95.3705,15.0,100.0,95.0,0.3,100.0,93.0,4.0,14:34:04
,28.421053,73.0366,95.3705,15.0,100.0,95.0,0.3,100.0,93.0,4.0,14:34:04
,27.754473,73.0366,95.453485,15.0,100.0,94.0,0.3,100.0,93.0,4.0,14:34:05
,27.754473,73.760812,95.58031,15.0,100.0,94.0,0.3,100.0,94.0,4.0,14:34:05
,27.754473,73.760812,95.58031,15.0,100.0,95.0,0.3,100.0,94.0,4.0,14:34:06
,27.754473,73.760812,95.58031,15.0,100.0,95.0,0.3,100.0,94.0,4.0,14:34:06
,27.754473,73.760812,95.58031,15.0,100.0,96.0,0.3,100.0,94.0,4.0,14:34:07
,27.754473,73.760812,95.58031,15.0,100.0,96.0,0.3,100.0,94.0,4.0,14:34:07
,27.754473,73.760812,95.58031,15.0,100.0,95.0,0.3,100.0,94.0,4.0,14:34:08
,28.712921,73.760812,95.464555,15.0,100.0,95.0,0.3,100.0,94.0,4.0,14:34:08
,28.712921,73.760812,95.464555,15.0,100.0,94.0,0.3,100.0,94.0,4.0,14:34:09
,28.712921,72.893134,95.307965,15.0,100.0,94.0,0.3,100.0,97.0,4.0,14:34:09
,28.712921,72.893134,95.307965,15.0,100.0,94.0,0.3,100.0,97.0,4.0,14:34:10
,28.712921,72.893134,95.307965,15.0,100.0,94.0,0.3,100.0,97.0,4.0,14:34:10
,28.712921,72.893134,95.307965,15.0,100.0,96.0,0.3,100.0,97.0,4.0,14:34:11
,28.712921,72.893134,95.307965,15.0,100.0,96.0,0.3,100.0,97.0,4.0,14:34:11
,27.800657,72.893134,95.421998,15.0,100.0,98.0,0.3,100.0,97.0,4.0,14:34:12
,27.800657,73.557569,95.53954,15.0,100.0,98.0,0.3,100.0,97.0,4.0,14:34:12
,27.800657,73.557569,95.53954,15.0,100.0,98.0,0.3,100.0,99.0,4.0,14:34:13
,27.800657,73.557569,95.53954,15.0,100.0,98.0,0.3,100.0,98.0,4.0,14:34:13
,27.800657,73.557569,95.53954,15.0,100.0,99.0,0.3,100.0,98.0,4.0,14:34:14
,27.800657,73.557569,95.53954,15.0,100.0,99.0,0.3,100.0,98.0,4.0,14:34:14
,27.800657,73.557569,95.53954,15.0,100.0,101.0,0.3,100.0,98.0,4.0,14:34:15
,27.800657,73.557569,95.53954,15.0,100.0,101.0,0.3,100.0,97.0,4.0,14:34:15
,27.735537,73.557569,95.547506,15.0,100.0,101.0,0.3,100.0,97.0,4.0,14:34:16
,27.735537,73.664413,95.566004,15.0,100.0,101.0,0.3,100.0,97.0,4.0,14:34:16
,27.735537,73.664413,95.566004,15.0,100.0,99.0,0.3,100.0,97.0,4.0,14:34:17
,27.735537,73.664413,95.566004,15.0,100.0,99.0,0.3,100.0,96.0,4.0,14:34:17
,27.735537,73.664413,95.566004,15.0,99.0,98.0,0.3,100.0,96.0,4.0,14:34:18
,27.735537,73.664413,95.566004,15.0,99.0,98.0,0.3,100.0,96.0,4.0,14:34:18
,27.735537,73.664413,95.566004,15.0,99.0,98.0,0.3,100.0,96.0,4.0,14:34:19
,27.735537,73.664413,95.566004,15.0,99.0,98.0,0.3,100.0,97.0,4.0,14:34:19
,28.350487,73.664413,95.491307,16.0,99.0,97.0,0.3,100.0,97.0,4.0,14:34:20
,28.350487,73.664413,95.491307,16.0,99.0,97.0,0.3,100.0,97.0,4.0,14:34:20
,28.350487,72.407537,95.263312,16.0,99.0,96.0,0.3,100.0,97.0,4.0,14:34:21
,28.350487,72.407537,95.263312,16.0,99.0,96.0,0.3,100.0,96.0,4.0,14:34:21
,28.350487,72.407537,95.263312,16.0,99.0,96.0,0.3,100.0,96.0,4.0,14:34:22
,28.350487,72.407537,95.263312,16.0,99.0,96.0,0.3,100.0,96.0,4.0,14:34:22
,28.350487,72.407537,95.263312,16.0,99.0,96.0,0.3,100.0,96.0,4.0,14:34:23
,28.341391,72.407537,95.26447,16.0,99.0,96.0,0.3,100.0,97.0,4.0,14:34:23
,28.341391,72.51369,95.284295,16.0,99.0,96.0,0.3,100.0,97.0,4.0,14:34:24
,28.341391,72.51369,95.284295,16.0,99.0,96.0,0.3,100.0,97.0,4.0,14:34:24
,28.341391,72.51369,95.284295,16.0,99.0,97.0,0.3,100.0,97.0,4.0,14:34:25
,28.341391,72.51369,95.284295,16.0,99.0,97.0,0.3,100.0,96.0,4.0,14:34:25
,28.341391,72.51369,95.284295,16.0,100.0,97.0,0.3,100.0,96.0,4.0,14:34:26
,27.780478,72.51369,95.355626,17.0,100.0,97.0,0.3,100.0,96.0,4.0,14:34:26
,27.780478,72.51369,95.355626,17.0,100.0,97.0,0.3,100.0,96.0,4.0,14:34:27
,27.780478,73.23602,95.485655,17.0,100.0,97.0,0.3,100.0,96.0,4.0,14:34:27
,27.780478,73.23602,95.485655,17.0,100.0,96.0,0.3,100.0,96.0,4.0,14:34:28
,27.780478,73.23602,95.485655,17.0,100.0,96.0,0.3,100.0,96.0,4.0,14:34:28
,27.780478,73.23602,95.485655,17.0,100.0,96.0,0.3,100.0,96.0,4.0,14:34:29
,27.780478,73.23602,95.485655,17.0,100.0,96.0,0.3,100.0,96.0,4.0,14:34:29
,28.013845,73.23602,95.456778,17.0,100.0,96.0,0.3,100.0,96.0,4.0,14:34:30
,28.013845,73.23602,95.456778,17.0,100.0,96.0,0.3,100.0,96.0,4.0,14:34:30
,28.013845,72.408957,95.306516,17.0,100.0,95.0,0.3,100.0,96.0,4.0,14:34:31
,28.013845,72.408957,95.306516,17.0,100.0,95.0,0.3,100.0,95.0,4.0,14:34:31
,28.013845,72.408957,95.306516,17.0,100.0,96.0,0.3,100.0,95.0,4.0,14:34:32
,28.013845,72.408957,95.306516,17.0,100.0,96.0,0.3,100.0,95.0,4.0,14:34:32
,28.013845,72.408957,95.306516,17.0,100.0,96.0,0.3,100.0,95.0,4.0,14:34:33
,28.013845,72.408957,95.306516,17.0,100.0,96.0,0.3,100.0,96.0,5.0,14:34:33
,28.002533,72.408957,95.307962,17.0,100.0,96.0,0.3,100.0,96.0,5.0,14:34:34
,28.002533,72.452955,95.316115,17.0,100.0,96.0,0.3,100.0,96.0,5.0,14:34:34
,28.002533,72.452955,95.316115,17.0,100.0,95.0,0.3,100.0,96.0,5.0,14:34:35
,28.002533,72.452955,95.316115,17.0,100.0,95.0,0.3,100.0,95.0,4.0,14:34:35
,28.002533,72.452955,95.316115,17.0,100.0,97.0,0.3,100.0,95.0,4.0,14:34:36
,28.002533,72.452955,95.316115,17.0,100.0,97.0,0.3,100.0,95.0,4.0,14:34:36
,27.486307,72.452955,95.382135,18.0,100.0,96.0,0.3,100.0,95.0,4.0,14:34:37
,27.486307,73.093729,95.497128,18.0,100.0,96.0,0.3,99.0,96.0,4.0,14:34:37
,27.486307,73.093729,95.497128,18.0,100.0,96.0,0.3,99.0,96.0,4.0,14:34:38
,27.486307,73.093729,95.497128,18.0,100.0,96.0,0.3,99.0,96.0,4.0,14:34:38
,27.486307,73.093729,95.497128,18.0,100.0,96.0,0.3,99.0,96.0,4.0,14:34:39
,27.486307,73.093729,95.497128,18.0,100.0,96.0,0.3,99.0,96.0,4.0,14:34:39
,27.486307,73.093729,95.497128,18.0,100.0,96.0,0.3,99.0,96.0,4.0,14:34:40
,27.448,73.093729,95.501916,18.0,100.0,96.0,0.3,99.0,96.0,4.0,14:34:40
,27.448,72.927842,95.472541,18.0,100.0,97.0,0.3,99.0,96.0,4.0,14:34:41
,27.448,72.927842,95.472541,18.0,100.0,97.0,0.3,99.0,94.0,5.0,14:34:41
,27.448,72.927842,95.472541,18.0,100.0,97.0,0.3,99.0,94.0,5.0,14:34:42
,27.448,72.927842,95.472541,18.0,100.0,97.0,0.3,99.0,94.0,5.0,14:34:42
,27.448,72.927842,95.472541,18.0,100.0,97.0,0.3,99.0,94.0,5.0,14:34:43
,27.448,72.927842,95.472541,18.0,100.0,97.0,0.3,99.0,94.0,4.0,14:34:43
,27.29771,72.927842,95.49147,18.0,100.0,95.0,0.3,99.0,94.0,4.0,14:34:44
,27.29771,73.09913,95.521668,18.0,100.0,95.0,0.3,99.0,94.0,4.0,14:34:44
,27.29771,73.09913,95.521668,18.0,100.0,95.0,0.3,99.0,94.0,4.0,14:34:45
,27.29771,73.09913,95.521668,18.0,100.0,95.0,0.3,99.0,94.0,4.0,14:34:45
,27.29771,73.09913,95.521668,18.0,99.0,95.0,0.3,99.0,94.0,4.0,14:34:46
,27.29771,73.09913,95.521668,18.0,99.0,95.0,0.3,99.0,94.0,4.0,14:34:46
,27.29771,73.09913,95.521668,18.0,99.0,95.0,0.3,99.0,94.0,4.0,14:34:47
,28.347521,73.09913,95.390948,18.0,99.0,95.0,0.3,99.0,95.0,4.0,14:34:47
,28.347521,71.54608,95.098687,18.0,99.0,95.0,0.3,99.0,95.0,4.0,14:34:48
,28.347521,71.54608,95.098687,18.0,99.0,95.0,0.3,99.0,95.0,4.0,14:34:48
,28.347521,71.54608,95.098687,18.0,99.0,95.0,0.3,99.0,95.0,4.0,14:34:49
,28.347521,71.54608,95.098687,18.0,99.0,95.0,0.3,99.0,94.0,4.0,14:34:49
,28.347521,71.54608,95.098687,18.0,99.0,95.0,0.3,99.0,94.0,4.0,14:34:50
,27.353132,71.54608,95.23047,18.0,99.0,95.0,0.3,99.0,94.0,4.0,14:34:50
,27.353132,71.54608,95.23047,18.0,98.0,94.0,0.3,99.0,94.0,4.0,14:34:51
,27.353132,74.299349,95.719406,18.0,98.0,94.0,0.3,100.0,96.0,3.0,14:34:51
,27.353132,74.299349,95.719406,18.0,98.0,94.0,0.3,100.0,96.0,3.0,14:34:52
,27.353132,74.299349,95.719406,18.0,98.0,94.0,0.3,100.0,96.0,3.0,14:34:52
,27.964777,74.299349,95.646678,19.0,98.0,95.0,0.3,100.0,96.0,3.0,14:34:53
,27.964777,74.299349,95.646678,19.0,98.0,95.0,0.3,100.0,97.0,4.0,14:34:53
,27.964777,72.014985,95.239027,19.0,98.0,95.0,0.3,100.0,97.0,4.0,14:34:54
,27.964777,72.014985,95.239027,19.0,98.0,95.0,0.3,100.0,97.0,4.0,14:34:54
,27.964777,72.014985,95.239027,19.0,98.0,98.0,0.3,100.0,97.0,4.0,14:34:55
,27.964777,72.014985,95.239027,19.0,98.0,98.0,0.3,100.0,95.0,4.0,14:34:55
,27.964777,72.014985,95.239027,19.0,98.0,98.0,0.3,100.0,95.0,4.0,14:34:56
,27.73637,72.014985,95.268727,19.0,98.0,98.0,0.3,100.0,95.0,4.0,14:34:56
,27.73637,71.737806,95.216259,19.0,98.0,99.0,0.3,100.0,95.0,4.0,14:34:57
,27.73637,71.737806,95.216259,19.0,98.0,99.0,0.3,100.0,94.0,4.0,14:34:57
,27.73637,71.737806,95.216259,19.0,98.0,97.0,0.3,100.0,94.0,4.0,14:34:58
,27.73637,71.737806,95.216259,19.0,98.0,97.0,0.3,100.0,94.0,4.0,14:34:58
,27.73637,71.737806,95.216259,19.0,98.0,97.0,0.3,100.0,94.0,4.0,14:34:59
,27.464918,71.737806,95.252046,20.0,98.0,97.0,0.3,100.0,94.0,4.0,14:34:59
,27.464918,71.907287,95.283972,20.0,98.0,97.0,0.3,100.0,94.0,4.0,14:35:00
,27.464918,71.907287,95.283972,20.0,98.0,97.0,0.3,100.0,94.0,4.0,14:35:00
,27.464918,71.907287,95.283972,20.0,99.0,96.0,0.3,100.0,94.0,4.0,14:35:01
,27.464918,71.907287,95.283972,20.0,99.0,96.0,0.3,100.0,94.0,4.0,14:35:01
,27.464918,71.907287,95.283972,20.0,99.0,96.0,0.3,100.0,94.0,4.0,14:35:02
,27.884727,71.907287,95.229047,21.0,99.0,96.0,0.3,100.0,94.0,4.0,14:35:02
,27.884727,71.190788,95.090509,21.0,99.0,94.0,0.3,100.0,94.0,4.0,14:35:03
,27.884727,71.190788,95.090509,21.0,99.0,94.0,0.3,100.0,93.0,4.0,14:35:03
,27.884727,71.190788,95.090509,21.0,99.0,94.0,0.3,100.0,93.0,4.0,14:35:04
,27.884727,71.190788,95.090509,21.0,99.0,94.0,0.3,100.0,93.0,4.0,14:35:04
,27.884727,71.190788,95.090509,21.0,99.0,94.0,0.3,100.0,93.0,4.0,14:35:05
,27.884727,71.190788,95.090509,21.0,99.0,94.0,0.3,100.0,93.0,4.0,14:35:05
,27.094841,71.190788,95.197108,20.0,99.0,93.0,0.3,100.0,93.0,4.0,14:35:06
,27.094841,72.188133,95.384329,20.0,99.0,93.0,0.3,100.0,93.0,4.0,14:35:06
,27.094841,72.188133,95.384329,20.0,99.0,93.0,0.3,100.0,93.0,4.0,14:35:07
,27.094841,72.188133,95.384329,20.0,99.0,93.0,0.3,100.0,92.0,4.0,14:35:07
,27.094841,72.188133,95.384329,20.0,99.0,93.0,0.3,100.0,92.0,4.0,14:35:08
,27.075792,72.188133,95.386808,20.0,99.0,93.0,0.3,100.0,92.0,4.0,14:35:08
,27.075792,72.188133,95.386808,20.0,99.0,94.0,0.3,100.0,92.0,4.0,14:35:09
,27.075792,72.825757,95.501465,20.0,99.0,94.0,0.3,100.0,92.0,4.0,14:35:09
,27.075792,72.825757,95.501465,20.0,99.0,93.0,0.3,100.0,92.0,4.0,14:35:10
,27.075792,72.825757,95.501465,20.0,99.0,93.0,0.3,100.0,92.0,4.0,14:35:10
,27.075792,72.825757,95.501465,20.0,99.0,92.0,0.3,100.0,92.0,4.0,14:35:11
,27.075792,72.825757,95.501465,20.0,99.0,92.0,0.3,100.0,94.0,4.0,14:35:11
,29.040119,72.825757,95.254754,20.0,99.0,93.0,0.3,100.0,94.0,4.0,14:35:12
,29.040119,71.548119,95.008085,20.0,99.0,93.0,0.3,100.0,94.0,4.0,14:35:12
,29.040119,71.548119,95.008085,20.0,99.0,93.0,0.3,100.0,94.0,4.0,14:35:13
,29.225739,71.548119,94.983803,21.0,99.0,93.0,0.3,100.0,94.0,4.0,14:35:13
,29.225739,71.548119,94.983803,21.0,99.0,95.0,0.3,100.0,94.0,4.0,14:35:14
,29.225739,70.845697,94.840348,21.0,99.0,95.0,0.3,100.0,94.0,4.0,14:35:14
,29.225739,70.845697,94.840348,21.0,99.0,95.0,0.3,100.0,94.0,4.0,14:35:15
,29.225739,70.845697,94.840348,21.0,99.0,95.0,0.3,99.0,92.0,4.0,14:35:15
,29.225739,70.845697,94.840348,21.0,99.0,95.0,0.3,99.0,92.0,4.0,14:35:16
,29.225739,70.845697,94.840348,21.0,99.0,95.0,0.3,99.0,92.0,4.0,14:35:16
,27.470562,70.845697,95.078487,21.0,99.0,94.0,0.3,99.0,92.0,4.0,14:35:17
,27.470562,71.027305,95.114324,21.0,99.0,94.0,0.3,100.0,94.0,4.0,14:35:17
,27.470562,71.027305,95.114324,21.0,99.0,94.0,0.3,100.0,94.0,4.0,14:35:18
,27.470562,71.027305,95.114324,21.0,99.0,94.0,0.3,100.0,94.0,4.0,14:35:18
,27.470562,71.027305,95.114324,21.0,99.0,94.0,0.3,100.0,94.0,4.0,14:35:19
,27.470562,71.027305,95.114324,21.0,99.0,94.0,0.3,100.0,94.0,4.0,14:35:19
,27.470562,71.027305,95.114324,21.0,99.0,94.0,0.3,100.0,94.0,4.0,14:35:20
,27.470562,71.027305,95.114324,21.0,99.0,94.0,0.3,100.0,94.0,4.0,14:35:20
,28.066732,71.027305,95.033562,21.0,99.0,93.0,0.3,100.0,94.0,4.0,14:35:21
,28.066732,69.742752,94.768181,21.0,99.0,93.0,0.3,100.0,94.0,3.0,14:35:21
,28.066732,69.742752,94.768181,21.0,99.0,95.0,0.3,100.0,94.0,3.0,14:35:22
,28.066732,69.742752,94.768181,21.0,99.0,95.0,0.3,100.0,94.0,3.0,14:35:22
,28.066732,69.742752,94.768181,21.0,99.0,95.0,0.3,100.0,94.0,3.0,14:35:23
,28.066732,69.742752,94.768181,21.0,99.0,95.0,0.3,100.0,92.0,4.0,14:35:23
,28.066732,69.742752,94.768181,21.0,99.0,95.0,0.3,100.0,92.0,4.0,14:35:24
,28.066732,69.742752,94.768181,21.0,99.0,95.0,0.3,100.0,92.0,4.0,14:35:24
,27.423647,69.742752,94.86004,19.0,99.0,94.0,0.3,100.0,92.0,4.0,14:35:25
,27.423647,70.594704,95.034883,19.0,99.0,94.0,0.3,100.0,94.0,4.0,14:35:25
,27.423647,70.594704,95.034883,19.0,99.0,93.0,0.3,100.0,94.0,4.0,14:35:26
,27.423647,70.594704,95.034883,19.0,99.0,93.0,0.3,100.0,94.0,4.0,14:35:26
,27.423647,70.594704,95.034883,19.0,99.0,94.0,0.3,100.0,94.0,4.0,14:35:27
,27.230431,70.594704,95.061647,19.0,99.0,94.0,0.3,100.0,92.0,4.0,14:35:27
,27.230431,70.594704,95.061647,19.0,99.0,93.0,0.3,100.0,92.0,4.0,14:35:28
,27.230431,71.138154,95.168554,19.0,99.0,93.0,0.3,100.0,92.0,4.0,14:35:28
,27.230431,71.138154,95.168554,19.0,99.0,93.0,0.3,100.0,92.0,4.0,14:35:29
,27.230431,71.138154,95.168554,19.0,99.0,93.0,0.3,100.0,92.0,4.0,14:35:29
,27.230431,71.138154,95.168554,19.0,99.0,91.0,0.3,100.0,92.0,4.0,14:35:30
,27.230431,71.138154,95.168554,19.0,99.0,91.0,0.3,100.0,92.0,4.0,14:35:30
,27.589327,71.138154,95.119975,18.0,99.0,91.0,0.3,100.0,92.0,4.0,14:35:31
,27.589327,70.153223,94.921938,18.0,99.0,91.0,0.3,100.0,93.0,4.0,14:35:31
,27.589327,70.153223,94.921938,18.0,100.0,93.0,0.3,100.0,93.0,4.0,14:35:32
,27.589327,70.153223,94.921938,18.0,100.0,93.0,0.3,100.0,93.0,4.0,14:35:32
,27.589327,70.153223,94.921938,18.0,100.0,94.0,0.3,100.0,93.0,4.0,14:35:33
,27.589327,70.153223,94.921938,18.0,100.0,94.0,0.3,100.0,92.0,4.0,14:35:33
,27.589327,70.153223,94.921938,18.0,100.0,91.0,0.3,100.0,92.0,4.0,14:35:34
,27.589327,70.153223,94.921938,18.0,100.0,91.0,0.3,100.0,92.0,4.0,14:35:34
,27.265329,70.153223,94.967591,17.0,100.0,91.0,0.3,100.0,92.0,4.0,14:35:35
,27.265329,70.313284,95.000178,17.0,100.0,91.0,0.3,100.0,94.0,4.0,14:35:35
,27.265329,70.313284,95.000178,17.0,100.0,92.0,0.3,100.0,94.0,4.0,14:35:36
,27.265329,70.313284,95.000178,17.0,100.0,92.0,0.3,100.0,94.0,4.0,14:35:36
,27.265329,70.313284,95.000178,17.0,99.0,94.0,0.3,100.0,94.0,4.0,14:35:37
,27.265329,70.313284,95.000178,17.0,99.0,94.0,0.3,100.0,93.0,4.0,14:35:37
,27.265329,70.313284,95.000178,17.0,99.0,94.0,0.3,100.0,93.0,4.0,14:35:38
,27.4058,70.313284,94.980496,17.0,99.0,94.0,0.3,100.0,93.0,4.0,14:35:38
,27.4058,70.313284,94.980496,17.0,99.0,94.0,0.3,100.0,93.0,4.0,14:35:39
,27.4058,70.721303,95.062657,17.0,99.0,94.0,0.3,99.0,94.0,4.0,14:35:39
,27.4058,70.721303,95.062657,17.0,98.0,94.0,0.3,99.0,94.0,4.0,14:35:40
,27.4058,70.721303,95.062657,17.0,98.0,94.0,0.3,99.0,94.0,4.0,14:35:40
,27.4058,70.721303,95.062657,17.0,98.0,94.0,0.3,99.0,94.0,4.0,14:35:41
,27.4058,70.721303,95.062657,17.0,98.0,94.0,0.3,99.0,95.0,3.0,14:35:41
,27.263813,70.721303,95.082221,18.0,98.0,95.0,0.3,99.0,95.0,3.0,14:35:42
,27.263813,70.80055,95.097911,18.0,98.0,95.0,0.3,99.0,95.0,3.0,14:35:42
,27.263813,70.80055,95.097911,18.0,98.0,96.0,0.3,99.0,95.0,3.0,14:35:43
,27.263813,70.80055,95.097911,18.0,98.0,96.0,0.3,99.0,95.0,4.0,14:35:43
,27.263813,70.80055,95.097911,18.0,99.0,96.0,0.3,99.0,95.0,4.0,14:35:44
,28.013351,70.80055,94.99529,18.0,99.0,96.0,0.3,99.0,95.0,4.0,14:35:44
,28.013351,70.80055,94.99529,18.0,99.0,95.0,0.3,99.0,95.0,4.0,14:35:45
,28.013351,69.916164,94.812615,18.0,99.0,95.0,0.3,99.0,94.0,4.0,14:35:45
,28.013351,69.916164,94.812615,18.0,99.0,96.0,0.3,99.0,94.0,4.0,14:35:46
,28.013351,69.916164,94.812615,18.0,99.0,96.0,0.3,99.0,94.0,4.0,14:35:46
,28.013351,69.916164,94.812615,18.0,99.0,96.0,0.3,99.0,94.0,4.0,14:35:47
,28.013351,69.916164,94.812615,18.0,99.0,96.0,0.3,99.0,95.0,4.0,14:35:47
,28.013351,69.916164,94.812615,18.0,99.0,95.0,0.3,99.0,95.0,4.0,14:35:48
,28.884642,69.916164,94.689935,18.0,99.0,95.0,0.3,99.0,95.0,4.0,14:35:48
,28.884642,68.036202,94.261864,18.0,99.0,95.0,0.3,99.0,95.0,4.0,14:35:49
,28.884642,68.036202,94.261864,18.0,99.0,95.0,0.3,99.0,95.0,3.0,14:35:49
,28.884642,68.036202,94.261864,18.0,99.0,96.0,0.3,99.0,95.0,3.0,14:35:50
,28.884642,68.036202,94.261864,18.0,99.0,96.0,0.3,99.0,95.0,3.0,14:35:50
,28.884642,68.036202,94.261864,18.0,99.0,95.0,0.3,99.0,95.0,3.0,14:35:51
,28.884642,68.036202,94.261864,18.0,99.0,95.0,0.3,99.0,95.0,3.0,14:35:51
,28.884642,68.036202,94.261864,18.0,99.0,95.0,0.3,99.0,95.0,3.0,14:35:52
,28.884642,68.036202,94.261864,17.0,99.0,95.0,0.3,99.0,95.0,3.0,14:35:52
,28.884642,68.036202,94.261864,18.0,99.0,95.0,0.3,99.0,96.0,3.0,14:35:53
,25.823969,68.036202,94.733255,17.0,99.0,95.0,0.3,99.0,93.0,4.0,14:35:53
,25.823969,68.036202,94.733255,17.0,99.0,95.0,0.3,99.0,93.0,4.0,14:35:54
,25.823969,68.036202,94.733255,17.0,99.0,95.0,0.3,99.0,93.0,4.0,14:35:54
,25.823969,68.036202,94.733255,17.0,99.0,95.0,0.3,99.0,93.0,4.0,14:35:55
,25.823969,68.036202,94.733255,17.0,99.0,95.0,0.3,99.0,89.0,4.0,14:35:55
,27.507872,68.036202,94.472023,18.0,100.0,92.0,0.3,99.0,89.0,4.0,14:35:56
,27.507872,68.036202,94.472023,18.0,100.0,92.0,0.3,99.0,89.0,4.0,14:35:56
,27.507872,70.546357,95.013497,18.0,100.0,90.0,0.3,99.0,89.0,4.0,14:35:57
,27.507872,70.546357,95.013497,18.0,100.0,90.0,0.3,99.0,89.0,4.0,14:35:57
,27.507872,70.546357,95.013497,18.0,100.0,89.0,0.3,99.0,89.0,4.0,14:35:58
,27.507872,70.546357,95.013497,18.0,100.0,89.0,0.3,99.0,89.0,4.0,14:35:58
,27.507872,70.546357,95.013497,18.0,100.0,89.0,0.3,99.0,89.0,4.0,14:35:59
,27.507872,70.546357,95.013497,18.0,100.0,89.0,0.3,99.0,91.0,3.0,14:35:59
,26.971077,70.546357,95.088068,17.0,100.0,87.0,0.3,99.0,91.0,3.0,14:36:00
,26.971077,70.581158,95.094973,17.0,100.0,87.0,0.3,99.0,91.0,3.0,14:36:00
,26.971077,70.581158,95.094973,17.0,100.0,88.0,0.3,99.0,91.0,3.0,14:36:01
,26.971077,70.581158,95.094973,17.0,100.0,88.0,0.3,100.0,91.0,4.0,14:36:01
,26.971077,70.581158,95.094973,17.0,100.0,87.0,0.3,100.0,91.0,4.0,14:36:02
,26.971077,70.581158,95.094973,17.0,100.0,87.0,0.3,100.0,91.0,4.0,14:36:02
,26.971077,70.581158,95.094973,17.0,100.0,87.0,0.3,100.0,91.0,4.0,14:36:03
,26.971077,70.581158,95.094973,17.0,100.0,87.0,0.3,100.0,87.0,4.0,14:36:03
,26.971077,70.581158,95.094973,17.0,100.0,87.0,0.3,100.0,87.0,4.0,14:36:04
,26.932762,70.581158,95.100304,15.0,100.0,87.0,0.3,100.0,87.0,4.0,14:36:04
,26.932762,70.96583,95.175699,15.0,100.0,85.0,0.3,100.0,87.0,4.0,14:36:05
,26.932762,70.96583,95.175699,15.0,100.0,85.0,0.3,100.0,87.0,18.0,14:36:05
,26.932762,70.96583,95.175699,15.0,100.0,86.0,0.3,100.0,87.0,18.0,14:36:06
,26.932762,70.96583,95.175699,15.0,100.0,86.0,0.3,100.0,87.0,18.0,14:36:06
,26.932762,70.96583,95.175699,15.0,100.0,86.0,0.3,100.0,87.0,18.0,14:36:07
,26.932762,70.96583,95.175699,15.0,100.0,86.0,0.3,100.0,90.0,4.0,14:36:07
,26.932762,70.96583,95.175699,15.0,100.0,90.0,0.3,100.0,90.0,4.0,14:36:08
,26.932762,70.96583,95.175699,15.0,100.0,90.0,0.3,100.0,90.0,4.0,14:36:08
,27.627905,70.96583,95.080815,15.0,100.0,91.0,0.3,100.0,90.0,4.0,14:36:09
,27.627905,70.96583,95.080815,15.0,100.0,91.0,0.3,100.0,89.0,4.0,14:36:09
,27.627905,70.052449,94.895641,15.0,100.0,91.0,0.3,100.0,89.0,4.0,14:36:10
,27.627905,70.052449,94.895641,15.0,100.0,91.0,0.3,100.0,89.0,4.0,14:36:10
,27.627905,70.052449,94.895641,15.0,100.0,92.0,0.3,100.0,89.0,4.0,14:36:11
,27.627905,70.052449,94.895641,15.0,100.0,92.0,0.3,99.0,88.0,4.0,14:36:11
,27.627905,70.052449,94.895641,15.0,100.0,90.0,0.3,99.0,88.0,4.0,14:36:12
,27.486687,70.052449,94.915595,16.0,100.0,90.0,0.3,99.0,88.0,4.0,14:36:12
,27.486687,69.600774,94.821041,16.0,100.0,91.0,0.3,99.0,88.0,4.0,14:36:13
,27.486687,69.600774,94.821041,16.0,100.0,91.0,0.3,99.0,88.0,4.0,14:36:13
,27.486687,69.600774,94.821041,16.0,100.0,98.0,0.3,99.0,88.0,4.0,14:36:14
,27.486687,69.600774,94.821041,16.0,100.0,98.0,0.3,99.0,88.0,4.0,14:36:14
,27.486687,69.600774,94.821041,16.0,100.0,98.0,0.3,99.0,88.0,4.0,14:36:15
,27.486687,69.600774,94.821041,15.0,100.0,98.0,0.3,99.0,92.0,3.0,14:36:15
,27.486687,69.600774,94.821041,16.0,100.0,98.0,0.3,99.0,92.0,3.0,14:36:16
,27.486687,69.600774,94.821041,15.0,100.0,98.0,0.3,99.0,92.0,3.0,14:36:16
,26.24403,69.600774,95.001245,15.0,100.0,91.0,0.3,99.0,92.0,3.0,14:36:17
,26.24403,71.509673,95.372345,15.0,100.0,91.0,0.3,99.0,91.0,4.0,14:36:17
,26.24403,71.509673,95.372345,15.0,99.0,93.0,0.3,99.0,91.0,4.0,14:36:18
,26.24403,71.509673,95.372345,15.0,99.0,93.0,0.3,99.0,91.0,4.0,14:36:18
,26.24403,71.509673,95.372345,15.0,99.0,93.0,0.3,99.0,91.0,4.0,14:36:19
,26.24403,71.509673,95.372345,15.0,99.0,93.0,0.3,99.0,88.0,4.0,14:36:19
,26.750422,71.509673,95.304183,15.0,99.0,97.0,0.3,99.0,88.0,4.0,14:36:20
,26.750422,70.070872,95.023838,15.0,99.0,97.0,0.3,99.0,88.0,4.0,14:36:20
,26.750422,70.070872,95.023838,15.0,99.0,97.0,0.3,99.0,88.0,4.0,14:36:21
,26.750422,70.070872,95.023838,15.0,99.0,97.0,0.3,99.0,87.0,4.0,14:36:21
,26.750422,70.070872,95.023838,15.0,99.0,97.0,0.3,99.0,87.0,4.0,14:36:22
,26.750422,70.070872,95.023838,15.0,99.0,97.0,0.3,99.0,87.0,4.0,14:36:22
,26.898582,70.070872,95.002757,16.0,99.0,97.0,0.3,99.0,87.0,4.0,14:36:23
,26.898582,70.434776,95.075996,16.0,99.0,97.0,0.3,99.0,90.0,3.0,14:36:23
,26.898582,70.434776,95.075996,16.0,99.0,90.0,0.3,99.0,90.0,3.0,14:36:24
,26.898582,70.434776,95.075996,16.0,99.0,90.0,0.3,99.0,90.0,3.0,14:36:24
,26.898582,70.434776,95.075996,16.0,99.0,90.0,0.3,99.0,90.0,3.0,14:36:25
,26.898582,70.434776,95.075996,16.0,99.0,90.0,0.3,99.0,89.0,3.0,14:36:25
,26.659369,70.434776,95.109542,18.0,99.0,90.0,0.3,99.0,89.0,3.0,14:36:26
,26.659369,70.901503,95.200802,18.0,99.0,90.0,0.3,99.0,89.0,3.0,14:36:26
,26.659369,70.901503,95.200802,18.0,99.0,90.0,0.3,99.0,89.0,3.0,14:36:27
,26.659369,70.901503,95.200802,20.0,99.0,90.0,0.3,99.0,91.0,4.0,14:36:27
,26.659369,70.901503,95.200802,18.0,99.0,90.0,0.3,99.0,91.0,4.0,14:36:28
,26.659369,70.901503,95.200802,18.0,99.0,90.0,0.3,99.0,91.0,4.0,14:36:28
,26.659369,70.901503,95.200802,18.0,99.0,90.0,0.3,99.0,91.0,4.0,14:36:29
,26.659369,70.901503,95.200802,18.0,99.0,90.0,0.3,99.0,92.0,4.0,14:36:29
,26.659369,70.901503,95.200802,18.0,99.0,91.0,0.3,99.0,92.0,4.0,14:36:30
,27.972008,70.901503,95.021223,17.0,99.0,91.0,0.3,99.0,92.0,4.0,14:36:30
,27.972008,67.981624,94.388072,17.0,99.0,91.0,0.3,99.0,92.0,4.0,14:36:31
,27.972008,67.981624,94.388072,17.0,99.0,91.0,0.3,99.0,90.0,4.0,14:36:31
,27.972008,67.981624,94.388072,17.0,99.0,93.0,0.3,99.0,90.0,4.0,14:36:32
,27.972008,67.981624,94.388072,17.0,99.0,93.0,0.3,99.0,90.0,4.0,14:36:32
,27.972008,67.981624,94.388072,17.0,99.0,93.0,0.3,99.0,90.0,4.0,14:36:33
,27.16264,67.981624,94.512716,18.0,99.0,93.0,0.3,99.0,92.0,4.0,14:36:33
,27.16264,67.801795,94.47133,18.0,99.0,94.0,0.3,99.0,92.0,4.0,14:36:34
,27.16264,67.801795,94.47133,18.0,99.0,94.0,0.3,99.0,92.0,4.0,14:36:34
,27.16264,67.801795,94.47133,18.0,99.0,95.0,0.3,99.0,92.0,4.0,14:36:35
,27.16264,67.801795,94.47133,18.0,99.0,95.0,0.3,99.0,94.0,4.0,14:36:35
,22.661062,67.801795,95.190663,19.0,99.0,96.0,0.3,99.0,94.0,4.0,14:36:36
,27.16264,67.801795,94.47133,18.0,99.0,96.0,0.3,99.0,94.0,4.0,14:36:36
,27.16264,67.801795,94.47133,18.0,99.0,97.0,0.3,99.0,94.0,4.0,14:36:37
,28.188457,67.801795,94.312335,17.0,99.0,97.0,0.3,99.0,96.0,4.0,14:36:37
,28.188457,60.181471,92.052272,17.0,99.0,100.0,0.3,99.0,96.0,4.0,14:36:38
,28.188457,60.181471,92.052272,17.0,99.0,100.0,0.3,99.0,96.0,4.0,14:36:38
,28.188457,60.181471,92.052272,17.0,99.0,100.0,0.3,99.0,96.0,4.0,14:36:39
,28.188457,60.181471,92.052272,18.0,99.0,100.0,0.3,99.0,94.0,4.0,14:36:39
,28.188457,60.181471,92.052272,17.0,99.0,96.0,0.3,99.0,94.0,4.0,14:36:40
,28.188457,60.181471,92.052272,17.0,99.0,96.0,0.3,99.0,94.0,4.0,14:36:40
,28.188457,60.181471,92.052272,17.0,99.0,95.0,0.3,99.0,94.0,4.0,14:36:41
,28.188457,60.181471,92.052272,16.0,99.0,95.0,0.3,99.0,94.0,4.0,14:36:41
,27.361038,60.181471,92.230738,16.0,99.0,95.0,0.3,99.0,94.0,4.0,14:36:42
,27.361038,58.420116,91.565824,16.0,99.0,95.0,0.3,99.0,94.0,4.0,14:36:42
,27.361038,58.420116,91.565824,16.0,99.0,97.0,0.3,99.0,95.0,4.0,14:36:43
,27.361038,58.420116,91.565824,16.0,99.0,97.0,0.3,99.0,93.0,4.0,14:36:43
,27.361038,58.420116,91.565824,16.0,99.0,96.0,0.3,99.0,93.0,4.0,14:36:44
,27.361038,58.420116,91.565824,16.0,99.0,96.0,0.3,99.0,93.0,4.0,14:36:44
,27.361038,58.420116,91.565824,16.0,99.0,96.0,0.3,99.0,93.0,4.0,14:36:45
,27.361038,58.420116,91.565824,16.0,99.0,96.0,0.3,99.0,95.0,3.0,14:36:45
,27.361038,58.420116,91.565824,16.0,99.0,94.0,0.3,99.0,95.0,3.0,14:36:46
,27.361038,58.420116,91.565824,16.0,99.0,94.0,0.3,99.0,95.0,3.0,14:36:46
,29.272125,58.420116,91.122255,15.0,98.0,93.0,0.3,99.0,95.0,3.0,14:36:47
,29.272125,56.94825,90.4793,15.0,98.0,93.0,0.3,99.0,95.0,3.0,14:36:47
,29.272125,56.94825,90.4793,15.0,98.0,94.0,0.3,99.0,95.0,3.0,14:36:48
,29.272125,56.94825,90.4793,15.0,98.0,94.0,0.3,99.0,95.0,3.0,14:36:48
,29.272125,56.94825,90.4793,15.0,98.0,95.0,0.3,99.0,95.0,3.0,14:36:49
,29.272125,56.94825,90.4793,15.0,98.0,95.0,0.3,99.0,94.0,4.0,14:36:49
,29.272125,56.94825,90.4793,15.0,98.0,95.0,0.3,99.0,94.0,4.0,14:36:50
,26.517553,56.94825,91.166507,15.0,98.0,95.0,0.3,99.0,94.0,4.0,14:36:50
,26.517553,61.819189,92.96064,15.0,99.0,95.0,0.3,99.0,94.0,4.0,14:36:51
,26.517553,61.819189,92.96064,17.0,99.0,95.0,0.3,99.0,95.0,5.0,14:36:51
,26.517553,61.819189,92.96064,15.0,100.0,95.0,0.3,99.0,95.0,5.0,14:36:52
,27.329369,61.819189,92.796311,16.0,100.0,95.0,0.3,99.0,95.0,5.0,14:36:52
,27.329369,61.375029,92.650028,16.0,100.0,95.0,0.3,99.0,95.0,5.0,14:36:53
,27.329369,61.375029,92.650028,16.0,100.0,95.0,0.3,99.0,97.0,10.0,14:36:53
,27.329369,61.375029,92.650028,16.0,100.0,97.0,0.3,99.0,97.0,10.0,14:36:54
,27.329369,61.375029,92.650028,16.0,100.0,97.0,0.3,99.0,97.0,10.0,14:36:54
,27.329369,61.375029,92.650028,16.0,100.0,98.0,0.3,99.0,97.0,10.0,14:36:55
,27.329369,61.375029,92.650028,17.0,100.0,98.0,0.3,98.0,98.0,10.0,14:36:55
,26.969244,61.375029,92.72419,17.0,100.0,98.0,0.3,98.0,98.0,10.0,14:36:56
,26.969244,61.634041,92.809103,17.0,100.0,98.0,0.3,98.0,98.0,10.0,14:36:56
,26.969244,61.634041,92.809103,17.0,100.0,98.0,0.3,98.0,98.0,10.0,14:36:57
,26.969244,61.634041,92.809103,17.0,100.0,98.0,0.3,98.0,98.0,3.0,14:36:57
,26.969244,61.634041,92.809103,17.0,100.0,98.0,0.3,98.0,98.0,3.0,14:36:58
,27.204432,61.634041,92.761191,18.0,100.0,98.0,0.3,98.0,98.0,3.0,14:36:58
,27.204432,62.624535,93.076449,18.0,100.0,100.0,0.3,98.0,98.0,3.0,14:36:59
,27.204432,62.624535,93.076449,18.0,100.0,100.0,0.3,99.0,98.0,4.0,14:36:59
,27.204432,62.624535,93.076449,18.0,100.0,99.0,0.3,99.0,98.0,4.0,14:37:00
,27.204432,62.624535,93.076449,18.0,100.0,99.0,0.3,99.0,98.0,4.0,14:37:00
,27.483351,62.624535,93.022223,21.0,100.0,100.0,0.3,99.0,98.0,4.0,14:37:01
,27.483351,62.035182,92.835391,21.0,100.0,100.0,0.3,99.0,98.0,4.0,14:37:01
,27.483351,62.035182,92.835391,21.0,100.0,100.0,0.3,99.0,98.0,4.0,14:37:02
,27.483351,62.035182,92.835391,21.0,100.0,100.0,0.3,99.0,98.0,4.0,14:37:02
,27.483351,62.035182,92.835391,21.0,99.0,98.0,0.3,99.0,98.0,4.0,14:37:03
,27.483351,62.035182,92.835391,21.0,99.0,98.0,0.3,99.0,99.0,3.0,14:37:03
,27.448006,62.035182,92.842434,23.0,99.0,99.0,0.3,99.0,99.0,3.0,14:37:04
,27.448006,61.629722,92.710281,23.0,99.0,99.0,0.3,99.0,99.0,3.0,14:37:04
,27.448006,61.629722,92.710281,23.0,99.0,99.0,0.3,99.0,99.0,3.0,14:37:05
,27.448006,61.629722,92.710281,23.0,99.0,99.0,0.3,99.0,99.0,4.0,14:37:05
,27.448006,61.629722,92.710281,23.0,99.0,98.0,0.3,99.0,99.0,4.0,14:37:06
,27.448006,61.629722,92.710281,23.0,99.0,98.0,0.3,99.0,99.0,4.0,14:37:06
,27.779121,61.629722,92.643214,21.0,99.0,99.0,0.3,99.0,99.0,4.0,14:37:07
,27.779121,61.648955,92.64961,21.0,99.0,99.0,0.3,99.0,98.0,4.0,14:37:07
,27.779121,61.648955,92.64961,21.0,99.0,99.0,0.3,99.0,98.0,4.0,14:37:08
,27.779121,61.648955,92.64961,21.0,99.0,99.0,0.3,99.0,98.0,4.0,14:37:08
,27.779121,61.648955,92.64961,21.0,99.0,99.0,0.3,99.0,98.0,4.0,14:37:09
,27.779121,61.648955,92.64961,21.0,99.0,99.0,0.3,99.0,98.0,4.0,14:37:09
,27.889296,61.648955,92.627369,22.0,99.0,99.0,0.3,99.0,98.0,4.0,14:37:10
,27.889296,60.947083,92.388541,22.0,99.0,99.0,0.3,99.0,98.0,4.0,14:37:10
,27.889296,60.947083,92.388541,22.0,98.0,98.0,0.3,99.0,98.0,4.0,14:37:11
,27.889296,60.947083,92.388541,22.0,98.0,98.0,0.3,99.0,98.0,4.0,14:37:11
,28.672974,60.947083,92.226126,22.0,98.0,99.0,0.3,99.0,98.0,4.0,14:37:12
,28.672974,60.947083,92.226126,22.0,98.0,99.0,0.3,99.0,98.0,4.0,14:37:12
,28.672974,60.489439,92.061697,22.0,98.0,98.0,0.3,99.0,98.0,4.0,14:37:13
,28.672974,60.489439,92.061697,22.0,98.0,98.0,0.3,99.0,98.0,4.0,14:37:13
,28.672974,60.489439,92.061697,22.0,98.0,98.0,0.3,99.0,98.0,4.0,14:37:14
,28.672974,60.489439,92.061697,22.0,98.0,98.0,0.3,99.0,98.0,4.0,14:37:14
,28.672974,60.489439,92.061697,22.0,99.0,99.0,0.3,99.0,98.0,4.0,14:37:15
,28.672974,60.489439,92.061697,22.0,99.0,99.0,0.3,99.0,99.0,3.0,14:37:15
,27.266718,60.489439,92.3602,20.0,99.0,100.0,0.3,99.0,99.0,3.0,14:37:16
,27.266718,60.489439,92.3602,20.0,99.0,100.0,0.3,99.0,99.0,3.0,14:37:16
,27.266718,62.006404,92.869372,20.0,99.0,100.0,0.3,99.0,99.0,3.0,14:37:17
,27.266718,62.006404,92.869372,20.0,99.0,100.0,0.3,99.0,98.0,4.0,14:37:17
,27.266718,62.006404,92.869372,20.0,100.0,100.0,0.3,99.0,98.0,4.0,14:37:18
,27.266718,62.006404,92.869372,20.0,100.0,100.0,0.3,99.0,98.0,4.0,14:37:18
,27.266718,62.006404,92.869372,20.0,100.0,100.0,0.3,99.0,98.0,4.0,14:37:19
,27.266718,62.006404,92.869372,20.0,100.0,100.0,0.3,99.0,96.0,3.0,14:37:19
,27.266718,62.006404,92.869372,20.0,100.0,99.0,0.3,99.0,96.0,3.0,14:37:20
,27.266718,62.006404,92.869372,20.0,100.0,99.0,0.3,99.0,96.0,3.0,14:37:20
,27.266718,62.006404,92.869372,20.0,100.0,99.0,0.3,99.0,96.0,3.0,14:37:21
,27.266718,62.006404,92.869372,21.0,100.0,99.0,0.3,99.0,96.0,3.0,14:37:21
,26.34849,62.006404,93.053946,21.0,100.0,99.0,0.3,99.0,96.0,3.0,14:37:22
,26.34849,63.767724,93.577946,21.0,100.0,99.0,0.3,99.0,96.0,3.0,14:37:22
,26.34849,63.767724,93.577946,21.0,100.0,100.0,0.3,99.0,96.0,3.0,14:37:23
,26.34849,63.767724,93.577946,21.0,100.0,100.0,0.3,99.0,97.0,4.0,14:37:23
,26.34849,63.767724,93.577946,21.0,100.0,100.0,0.3,99.0,97.0,4.0,14:37:24
,26.34849,63.767724,93.577946,21.0,100.0,100.0,0.3,99.0,97.0,4.0,14:37:24
,26.34849,63.767724,93.577946,21.0,100.0,101.0,0.3,99.0,97.0,4.0,14:37:25
,26.985331,63.767724,93.459304,20.0,100.0,101.0,0.3,99.0,98.0,3.0,14:37:25
,26.985331,62.765635,93.16236,20.0,99.0,101.0,0.3,99.0,98.0,3.0,14:37:26
,26.985331,62.765635,93.16236,20.0,99.0,101.0,0.3,99.0,98.0,3.0,14:37:26
,26.985331,62.765635,93.16236,20.0,99.0,101.0,0.3,99.0,98.0,3.0,14:37:27
,26.985331,62.765635,93.16236,20.0,99.0,101.0,0.3,100.0,97.0,4.0,14:37:27
,26.985331,62.765635,93.16236,19.0,99.0,100.0,0.3,100.0,97.0,4.0,14:37:28
,27.842707,62.765635,92.996836,19.0,99.0,100.0,0.3,100.0,97.0,4.0,14:37:28
,27.842707,61.460183,92.573572,19.0,99.0,100.0,0.3,100.0,97.0,4.0,14:37:29
,27.842707,61.460183,92.573572,19.0,99.0,100.0,0.3,99.0,97.0,4.0,14:37:29
,27.842707,61.460183,92.573572,19.0,99.0,100.0,0.3,99.0,97.0,4.0,14:37:30
,27.842707,61.460183,92.573572,19.0,99.0,100.0,0.3,99.0,97.0,4.0,14:37:30
,27.842707,61.460183,92.573572,19.0,99.0,100.0,0.3,99.0,97.0,4.0,14:37:31
,27.842707,61.460183,92.573572,19.0,99.0,100.0,0.3,99.0,97.0,4.0,14:37:31
,28.689669,61.460183,92.401972,20.0,99.0,99.0,0.3,99.0,97.0,4.0,14:37:32
,28.689669,59.699707,91.763718,20.0,99.0,99.0,0.3,99.0,97.0,4.0,14:37:32
,28.689669,59.699707,91.763718,20.0,99.0,99.0,0.3,99.0,99.0,3.0,14:37:33
,28.689669,59.699707,91.763718,20.0,99.0,99.0,0.3,99.0,99.0,3.0,14:37:33
,26.927874,59.699707,92.151905,20.0,99.0,100.0,0.3,99.0,99.0,3.0,14:37:34
,26.927874,63.630275,93.430306,20.0,99.0,100.0,0.3,99.0,99.0,3.0,14:37:34
,26.927874,63.630275,93.430306,20.0,99.0,100.0,0.3,99.0,99.0,3.0,14:37:35
,26.927874,63.630275,93.430306,20.0,99.0,100.0,0.3,99.0,99.0,3.0,14:37:35
,26.927874,63.630275,93.430306,20.0,98.0,99.0,0.3,99.0,99.0,3.0,14:37:36
,26.927874,63.630275,93.430306,20.0,98.0,99.0,0.3,99.0,99.0,3.0,14:37:36
,27.936567,63.630275,93.242851,20.0,98.0,101.0,0.3,99.0,99.0,3.0,14:37:37
,27.936567,60.418925,92.192185,20.0,98.0,101.0,0.3,99.0,98.0,3.0,14:37:37
,27.936567,60.418925,92.192185,20.0,98.0,100.0,0.3,99.0,98.0,3.0,14:37:38
,27.936567,60.418925,92.192185,20.0,98.0,100.0,0.3,99.0,98.0,3.0,14:37:38
,27.936567,60.418925,92.192185,20.0,98.0,100.0,0.3,99.0,98.0,3.0,14:37:39
,27.936567,60.418925,92.192185,20.0,98.0,100.0,0.3,98.0,97.0,3.0,14:37:39
,28.045605,60.418925,92.168973,20.0,98.0,98.0,0.3,98.0,97.0,3.0,14:37:40
,28.045605,60.418925,92.168973,20.0,98.0,98.0,0.3,98.0,97.0,3.0,14:37:40
,28.045605,60.346387,92.142826,20.0,98.0,98.0,0.3,98.0,97.0,3.0,14:37:41
,28.045605,60.346387,92.142826,20.0,98.0,98.0,0.3,98.0,97.0,3.0,14:37:41
,28.045605,60.346387,92.142826,20.0,98.0,98.0,0.3,98.0,97.0,3.0,14:37:42
,28.045605,60.346387,92.142826,20.0,98.0,98.0,0.3,98.0,97.0,3.0,14:37:42
,28.045605,60.346387,92.142826,20.0,98.0,98.0,0.3,98.0,97.0,3.0,14:37:43
,28.045605,60.346387,92.142826,20.0,98.0,98.0,0.3,98.0,98.0,4.0,14:37:43
,28.329218,60.346387,92.082387,19.0,98.0,97.0,0.3,98.0,98.0,4.0,14:37:44
,28.329218,60.346387,92.082387,19.0,98.0,97.0,0.3,98.0,98.0,4.0,14:37:44
,28.329218,59.408866,91.731596,19.0,98.0,97.0,0.3,98.0,98.0,4.0,14:37:45
,28.329218,59.408866,91.731596,19.0,98.0,97.0,0.3,98.0,96.0,3.0,14:37:45
,28.329218,59.408866,91.731596,19.0,97.0,97.0,0.3,98.0,96.0,3.0,14:37:46
,28.329218,59.408866,91.731596,19.0,97.0,97.0,0.3,98.0,96.0,3.0,14:37:46
,28.329218,59.408866,91.731596,19.0,97.0,97.0,0.3,98.0,96.0,3.0,14:37:47
,28.329218,59.408866,91.731596,19.0,97.0,97.0,0.3,97.0,96.0,3.0,14:37:47
,28.329218,59.408866,91.731596,19.0,97.0,95.0,0.3,97.0,96.0,3.0,14:37:48
,28.320467,59.408866,91.733538,19.0,97.0,95.0,0.3,97.0,96.0,3.0,14:37:48
,28.320467,59.546488,91.786245,19.0,96.0,96.0,0.3,97.0,96.0,3.0,14:37:49
,28.320467,59.546488,91.786245,19.0,96.0,96.0,0.3,97.0,95.0,3.0,14:37:49
,28.320467,59.546488,91.786245,19.0,96.0,95.0,0.3,97.0,95.0,3.0,14:37:50
,28.320467,59.546488,91.786245,19.0,96.0,95.0,0.3,97.0,95.0,3.0,14:37:50
,28.320467,59.546488,91.786245,19.0,96.0,95.0,0.3,97.0,95.0,3.0,14:37:51
,26.96945,59.546488,92.086545,18.0,96.0,95.0,0.3,97.0,96.0,3.0,14:37:51
,26.96945,62.456991,93.070536,18.0,96.0,95.0,0.3,97.0,96.0,3.0,14:37:52
,26.96945,62.456991,93.070536,18.0,96.0,95.0,0.3,97.0,96.0,3.0,14:37:52
,26.96945,62.456991,93.070536,18.0,96.0,95.0,0.3,97.0,96.0,3.0,14:37:53
,26.96945,62.456991,93.070536,18.0,96.0,95.0,0.3,97.0,95.0,3.0,14:37:53
,26.96945,62.456991,93.070536,18.0,97.0,96.0,0.3,97.0,95.0,3.0,14:37:54
,27.468729,62.456991,92.972613,17.0,97.0,96.0,0.3,97.0,95.0,3.0,14:37:54
,27.468729,61.640766,92.70972,17.0,97.0,97.0,0.3,97.0,95.0,3.0,14:37:55
,27.468729,61.640766,92.70972,17.0,97.0,97.0,0.3,96.0,94.0,3.0,14:37:55
,27.468729,61.640766,92.70972,17.0,97.0,96.0,0.3,96.0,94.0,3.0,14:37:56
,27.468729,61.640766,92.70972,17.0,97.0,96.0,0.3,96.0,94.0,3.0,14:37:56
,27.405884,61.640766,92.722468,18.0,98.0,95.0,0.3,96.0,94.0,3.0,14:37:57
,27.405884,61.640766,92.722468,18.0,98.0,95.0,0.3,96.0,92.0,3.0,14:37:57
,27.405884,61.086842,92.53715,18.0,98.0,94.0,0.3,96.0,92.0,3.0,14:37:58
,27.405884,61.086842,92.53715,18.0,98.0,94.0,0.3,96.0,92.0,3.0,14:37:58
,27.405884,61.086842,92.53715,18.0,98.0,94.0,0.3,96.0,92.0,3.0,14:37:59
,27.405884,61.086842,92.53715,18.0,98.0,94.0,0.3,96.0,93.0,3.0,14:37:59
,27.405884,61.086842,92.53715,18.0,98.0,94.0,0.3,96.0,93.0,3.0,14:38:00
,27.405884,61.086842,92.53715,18.0,98.0,94.0,0.3,96.0,93.0,3.0,14:38:00
,27.405884,61.086842,92.53715,18.0,98.0,92.0,0.3,96.0,93.0,3.0,14:38:01
,27.405884,61.086842,92.53715,18.0,98.0,92.0,0.3,96.0,94.0,3.0,14:38:01
,27.405884,61.086842,92.53715,18.0,98.0,91.0,0.3,96.0,94.0,3.0,14:38:02
,27.405884,61.086842,92.53715,18.0,98.0,91.0,0.3,96.0,94.0,3.0,14:38:02
,26.771257,61.086842,92.669624,16.0,97.0,93.0,0.3,96.0,94.0,3.0,14:38:03
,26.771257,62.370863,93.082922,16.0,97.0,93.0,0.3,96.0,91.0,3.0,14:38:03
,26.771257,62.370863,93.082922,16.0,97.0,94.0,0.3,96.0,91.0,3.0,14:38:04
,26.771257,62.370863,93.082922,16.0,97.0,94.0,0.3,96.0,91.0,3.0,14:38:04
,26.771257,62.370863,93.082922,16.0,97.0,94.0,0.3,96.0,91.0,3.0,14:38:05
,26.771257,62.370863,93.082922,16.0,97.0,94.0,0.3,96.0,91.0,3.0,14:38:05
,27.182373,62.370863,93.001763,17.0,97.0,94.0,0.3,96.0,91.0,3.0,14:38:06
,27.182373,62.902269,93.165906,17.0,97.0,94.0,0.3,96.0,91.0,3.0,14:38:06
,27.182373,62.902269,93.165906,17.0,97.0,94.0,0.3,96.0,91.0,3.0,14:38:07
,27.182373,62.902269,93.165906,17.0,97.0,94.0,0.3,96.0,93.0,3.0,14:38:07
,27.182373,62.902269,93.165906,17.0,97.0,94.0,0.3,96.0,93.0,3.0,14:38:08
,27.182373,62.902269,93.165906,17.0,97.0,94.0,0.3,96.0,93.0,3.0,14:38:08
,27.182373,62.902269,93.165906,17.0,98.0,94.0,0.3,96.0,93.0,3.0,14:38:09
,27.439905,62.902269,93.116429,17.0,98.0,94.0,0.3,96.0,95.0,3.0,14:38:09
,27.439905,63.153168,93.192748,17.0,98.0,94.0,0.3,96.0,95.0,3.0,14:38:10
,27.439905,63.153168,93.192748,17.0,98.0,94.0,0.3,96.0,95.0,3.0,14:38:10
,27.439905,63.153168,93.192748,17.0,98.0,96.0,0.3,96.0,95.0,3.0,14:38:11
,27.439905,63.153168,93.192748,17.0,98.0,96.0,0.3,96.0,94.0,3.0,14:38:11
,27.439905,63.153168,93.192748,17.0,98.0,98.0,0.3,96.0,94.0,3.0,14:38:12
,27.756884,63.153168,93.132708,17.0,98.0,98.0,0.3,96.0,94.0,3.0,14:38:12
,27.756884,62.960585,93.073716,17.0,98.0,97.0,0.3,96.0,94.0,3.0,14:38:13
,27.756884,62.960585,93.073716,17.0,98.0,97.0,0.3,96.0,96.0,3.0,14:38:13
,27.756884,62.960585,93.073716,17.0,98.0,97.0,0.3,96.0,96.0,3.0,14:38:14
,27.756884,62.960585,93.073716,17.0,98.0,97.0,0.3,96.0,96.0,3.0,14:38:14
,27.756884,62.960585,93.073716,17.0,98.0,97.0,0.3,96.0,96.0,3.0,14:38:15
,28.108742,62.960585,93.006751,17.0,98.0,97.0,0.3,96.0,98.0,3.0,14:38:15
,28.108742,62.519615,92.867887,17.0,98.0,97.0,0.3,96.0,98.0,3.0,14:38:16
,28.108742,62.519615,92.867887,17.0,98.0,97.0,0.3,96.0,98.0,3.0,14:38:16
,28.108742,62.519615,92.867887,17.0,98.0,97.0,0.3,96.0,98.0,3.0,14:38:17
,28.108742,62.519615,92.867887,17.0,98.0,97.0,0.3,96.0,98.0,3.0,14:38:17
,28.108742,62.519615,92.867887,17.0,98.0,99.0,0.3,96.0,98.0,3.0,14:38:18
,28.108742,62.519615,92.867887,17.0,98.0,99.0,0.3,96.0,98.0,3.0,14:38:18
,28.201324,62.519615,92.849966,19.0,98.0,99.0,0.3,96.0,98.0,3.0,14:38:19
,28.201324,62.106161,92.716204,19.0,98.0,99.0,0.3,97.0,100.0,3.0,14:38:19
,28.201324,62.106161,92.716204,19.0,98.0,101.0,0.3,97.0,100.0,3.0,14:38:20
,28.201324,62.106161,92.716204,19.0,98.0,101.0,0.3,97.0,100.0,3.0,14:38:20
,28.201324,62.106161,92.716204,19.0,98.0,101.0,0.3,97.0,100.0,3.0,14:38:21
,28.201324,62.106161,92.716204,19.0,98.0,101.0,0.3,97.0,100.0,3.0,14:38:21
,27.886955,62.106161,92.778252,19.0,98.0,101.0,0.3,97.0,100.0,3.0,14:38:22
,27.886955,62.418262,92.87867,19.0,98.0,101.0,0.3,97.0,100.0,3.0,14:38:22
,27.886955,62.418262,92.87867,19.0,98.0,101.0,0.3,97.0,101.0,4.0,14:38:23
,27.886955,62.418262,92.87867,19.0,98.0,101.0,0.3,97.0,100.0,4.0,14:38:23
,27.886955,62.418262,92.87867,19.0,98.0,102.0,0.3,97.0,100.0,4.0,14:38:24
,27.886955,62.418262,92.87867,19.0,98.0,102.0,0.3,97.0,100.0,4.0,14:38:24
,27.886955,62.418262,92.87867,19.0,97.0,102.0,0.3,97.0,100.0,4.0,14:38:25
,28.76804,62.418262,92.707673,19.0,97.0,102.0,0.3,97.0,100.0,4.0,14:38:25
,28.76804,62.418262,92.707673,19.0,97.0,101.0,0.3,97.0,100.0,4.0,14:38:26
,28.76804,60.532953,92.05755,19.0,97.0,101.0,0.3,97.0,100.0,4.0,14:38:26
,28.76804,60.532953,92.05755,19.0,97.0,101.0,0.3,97.0,100.0,4.0,14:38:27
,28.76804,60.532953,92.05755,19.0,97.0,101.0,0.3,96.0,99.0,3.0,14:38:27
,28.76804,60.532953,92.05755,19.0,97.0,101.0,0.3,96.0,99.0,3.0,14:38:28
,28.76804,60.532953,92.05755,19.0,97.0,101.0,0.3,96.0,99.0,3.0,14:38:28
,28.76804,60.532953,92.05755,19.0,97.0,101.0,0.3,96.0,99.0,3.0,14:38:29
,26.597075,60.532953,92.518996,18.0,97.0,101.0,0.3,96.0,100.0,3.0,14:38:29
,26.597075,64.284971,93.676695,18.0,97.0,100.0,0.3,96.0,100.0,3.0,14:38:30
,26.597075,64.284971,93.676695,18.0,97.0,100.0,0.3,96.0,100.0,3.0,14:38:30
,26.597075,64.284971,93.676695,18.0,98.0,100.0,0.3,96.0,100.0,3.0,14:38:31
2.0,26.597075,64.284971,93.676695,18.0,98.0,100.0,0.3,95.0,99.0,4.0,14:38:31
2.0,27.580711,64.284971,93.498368,19.0,98.0,100.0,0.3,95.0,99.0,4.0,14:38:32
2.0,27.580711,63.29456,93.208745,19.0,98.0,100.0,0.3,95.0,99.0,4.0,14:38:32
2.0,27.580711,63.29456,93.208745,19.0,98.0,100.0,0.3,95.0,99.0,4.0,14:38:33
,27.580711,63.29456,93.208745,19.0,98.0,100.0,0.3,95.0,99.0,3.0,14:38:33
,27.580711,63.29456,93.208745,19.0,98.0,98.0,0.3,95.0,99.0,3.0,14:38:34
,27.580711,63.29456,93.208745,19.0,98.0,98.0,0.3,95.0,99.0,3.0,14:38:34
,27.580711,63.29456,93.208745,19.0,98.0,100.0,0.3,95.0,99.0,3.0,14:38:35
,27.670467,63.29456,93.191854,19.0,98.0,100.0,0.3,96.0,99.0,3.0,14:38:35
,27.670467,63.04241,93.115287,19.0,98.0,98.0,0.3,96.0,99.0,3.0,14:38:36
,27.670467,63.04241,93.115287,19.0,98.0,98.0,0.3,96.0,99.0,3.0,14:38:36
,27.670467,63.04241,93.115287,19.0,98.0,99.0,0.3,96.0,99.0,3.0,14:38:37
,27.670467,63.04241,93.115287,19.0,98.0,99.0,0.3,96.0,98.0,3.0,14:38:37
,27.670467,63.04241,93.115287,19.0,97.0,99.0,0.3,96.0,98.0,3.0,14:38:38
,27.384514,63.04241,93.169757,19.0,97.0,99.0,0.3,96.0,98.0,3.0,14:38:38
,27.384514,63.586741,93.332396,19.0,97.0,99.0,0.3,96.0,98.0,3.0,14:38:39
,27.384514,63.586741,93.332396,19.0,97.0,99.0,0.3,96.0,99.0,4.0,14:38:39
,27.384514,63.586741,93.332396,19.0,97.0,99.0,0.3,96.0,99.0,4.0,14:38:40
,27.384514,63.586741,93.332396,19.0,97.0,99.0,0.3,96.0,99.0,4.0,14:38:40
,27.454885,63.586741,93.319292,20.0,97.0,99.0,0.3,96.0,99.0,4.0,14:38:41
,27.454885,63.885902,93.406725,20.0,97.0,99.0,0.3,96.0,99.0,3.0,14:38:41
,27.454885,63.885902,93.406725,20.0,97.0,100.0,0.3,96.0,99.0,3.0,14:38:42
,27.454885,63.885902,93.406725,20.0,97.0,100.0,0.3,96.0,99.0,3.0,14:38:42
,27.454885,63.885902,93.406725,20.0,97.0,100.0,0.3,96.0,99.0,3.0,14:38:43
,27.454885,63.885902,93.406725,20.0,97.0,100.0,0.3,97.0,99.0,3.0,14:38:43
,27.454885,63.885902,93.406725,20.0,98.0,100.0,0.3,97.0,99.0,3.0,14:38:44
,27.730217,63.885902,93.356214,20.0,98.0,100.0,0.3,97.0,99.0,3.0,14:38:44
,27.730217,63.503801,93.243428,20.0,98.0,100.0,0.3,97.0,99.0,3.0,14:38:45
,27.730217,63.503801,93.243428,20.0,98.0,100.0,0.3,97.0,99.0,4.0,14:38:45
,27.730217,63.503801,93.243428,20.0,98.0,100.0,0.3,97.0,99.0,4.0,14:38:46
,27.730217,63.503801,93.243428,20.0,98.0,100.0,0.3,97.0,99.0,4.0,14:38:46
,27.407764,63.503801,93.303593,20.0,98.0,100.0,0.3,97.0,99.0,4.0,14:38:47
,27.407764,63.503801,93.303593,20.0,98.0,100.0,0.3,97.0,98.0,3.0,14:38:47
,27.407764,63.701057,93.361608,20.0,98.0,98.0,0.3,97.0,98.0,3.0,14:38:48
,27.407764,63.701057,93.361608,20.0,98.0,98.0,0.3,97.0,98.0,3.0,14:38:48
,27.407764,63.701057,93.361608,20.0,98.0,99.0,0.3,97.0,98.0,3.0,14:38:49
,27.407764,63.701057,93.361608,20.0,98.0,99.0,0.3,98.0,98.0,3.0,14:38:49
,27.137787,63.701057,93.411712,21.0,98.0,99.0,0.3,98.0,98.0,3.0,14:38:50
,27.137787,64.313537,93.586445,21.0,98.0,99.0,0.3,98.0,98.0,3.0,14:38:50
,27.137787,64.313537,93.586445,21.0,98.0,99.0,0.3,98.0,98.0,3.0,14:38:51
,27.137787,64.313537,93.586445,21.0,98.0,99.0,0.3,98.0,99.0,3.0,14:38:51
,27.137787,64.313537,93.586445,21.0,98.0,98.0,0.3,98.0,99.0,3.0,14:38:52
,27.137787,64.313537,93.586445,21.0,98.0,98.0,0.3,98.0,99.0,3.0,14:38:52
,27.512585,64.313537,93.518757,21.0,98.0,99.0,0.3,98.0,99.0,3.0,14:38:53
,27.512585,64.313537,93.518757,21.0,98.0,99.0,0.3,98.0,98.0,3.0,14:38:53
,27.512585,63.401109,93.253462,21.0,98.0,98.0,0.3,98.0,98.0,3.0,14:38:54
,27.512585,63.401109,93.253462,21.0,98.0,98.0,0.3,98.0,98.0,3.0,14:38:54
,27.512585,63.401109,93.253462,21.0,98.0,99.0,0.3,98.0,98.0,3.0,14:38:55
,27.512585,63.401109,93.253462,21.0,98.0,99.0,0.3,98.0,98.0,3.0,14:38:55
,27.512585,63.401109,93.253462,21.0,98.0,99.0,0.3,98.0,98.0,3.0,14:38:56
,27.378593,63.401109,93.27861,20.0,98.0,99.0,0.3,98.0,98.0,3.0,14:38:56
,27.378593,63.888057,93.421371,20.0,98.0,98.0,0.3,98.0,98.0,3.0,14:38:57
,27.378593,63.888057,93.421371,20.0,98.0,98.0,0.3,98.0,98.0,3.0,14:38:57
,27.378593,63.888057,93.421371,20.0,98.0,98.0,0.3,98.0,98.0,3.0,14:38:58
,27.378593,63.888057,93.421371,20.0,98.0,98.0,0.3,98.0,98.0,3.0,14:38:58
,27.378593,63.888057,93.421371,20.0,98.0,98.0,0.3,98.0,98.0,3.0,14:38:59
,27.378593,63.888057,93.421371,20.0,98.0,98.0,0.3,98.0,99.0,3.0,14:38:59
,27.220455,63.888057,93.450472,20.0,98.0,98.0,0.3,98.0,99.0,3.0,14:39:00
,27.220455,63.573763,93.359184,20.0,98.0,98.0,0.3,98.0,99.0,3.0,14:39:00
,27.220455,63.573763,93.359184,20.0,98.0,99.0,0.3,98.0,99.0,3.0,14:39:01
,27.220455,63.573763,93.359184,20.0,98.0,99.0,0.3,98.0,99.0,3.0,14:39:01
,27.220455,63.573763,93.359184,20.0,98.0,99.0,0.3,98.0,99.0,3.0,14:39:02
,27.220455,63.573763,93.359184,20.0,98.0,99.0,0.3,98.0,99.0,3.0,14:39:02
,28.603565,63.573763,93.102855,19.0,98.0,99.0,0.3,98.0,99.0,3.0,14:39:03
,28.603565,63.410321,93.052898,19.0,98.0,99.0,0.3,98.0,100.0,3.0,14:39:03
,28.603565,63.410321,93.052898,19.0,99.0,100.0,0.3,98.0,100.0,3.0,14:39:04
,28.603565,63.410321,93.052898,19.0,99.0,100.0,0.3,98.0,100.0,3.0,14:39:04
,28.603565,63.410321,93.052898,19.0,100.0,101.0,0.3,98.0,100.0,3.0,14:39:05
,28.603565,63.410321,93.052898,19.0,100.0,101.0,0.3,98.0,101.0,3.0,14:39:05
,25.682529,63.410321,93.602809,19.0,100.0,101.0,0.2,98.0,101.0,3.0,14:39:06
,25.682529,65.996776,94.283639,19.0,100.0,101.0,0.2,98.0,101.0,3.0,14:39:06
,25.682529,65.996776,94.283639,19.0,100.0,101.0,0.2,98.0,101.0,3.0,14:39:07
,25.682529,65.996776,94.283639,19.0,100.0,101.0,0.2,98.0,100.0,4.0,14:39:07
,25.682529,65.996776,94.283639,19.0,100.0,101.0,0.2,98.0,100.0,4.0,14:39:08
,25.682529,65.996776,94.283639,19.0,100.0,101.0,0.2,98.0,100.0,4.0,14:39:08
,26.355927,65.996776,94.168912,19.0,100.0,102.0,0.2,98.0,100.0,4.0,14:39:09
,26.355927,65.578572,94.063343,19.0,100.0,102.0,0.2,98.0,100.0,3.0,14:39:09
,26.355927,65.578572,94.063343,19.0,100.0,101.0,0.2,98.0,100.0,3.0,14:39:10
,26.355927,65.578572,94.063343,19.0,100.0,101.0,0.2,98.0,100.0,3.0,14:39:10
,26.355927,65.578572,94.063343,19.0,100.0,101.0,0.2,98.0,100.0,3.0,14:39:11
,26.355927,65.578572,94.063343,19.0,100.0,101.0,0.2,98.0,100.0,3.0,14:39:11
,27.242813,65.578572,93.910822,20.0,99.0,101.0,0.2,98.0,100.0,3.0,14:39:12
,27.242813,64.467356,93.610515,20.0,99.0,101.0,0.2,98.0,100.0,3.0,14:39:12
,27.242813,64.467356,93.610515,20.0,99.0,99.0,0.2,98.0,98.0,3.0,14:39:13
,27.242813,64.467356,93.610515,20.0,99.0,99.0,0.2,98.0,98.0,3.0,14:39:13
,27.242813,64.467356,93.610515,20.0,99.0,99.0,0.2,98.0,98.0,3.0,14:39:14
,27.242813,64.467356,93.610515,20.0,99.0,99.0,0.2,98.0,98.0,3.0,14:39:14
,26.970963,64.467356,93.659401,19.0,99.0,98.0,0.2,98.0,98.0,3.0,14:39:15
3.0,26.970963,64.467356,93.659401,19.0,99.0,98.0,0.2,98.0,98.0,4.0,14:39:15
3.0,26.970963,65.293371,93.882688,19.0,99.0,98.0,0.2,98.0,98.0,4.0,14:39:16
3.0,26.970963,65.293371,93.882688,19.0,99.0,98.0,0.2,98.0,98.0,4.0,14:39:16
3.0,26.970963,65.293371,93.882688,19.0,99.0,96.0,0.2,98.0,98.0,4.0,14:39:17
3.0,26.970963,65.293371,93.882688,19.0,99.0,96.0,0.2,98.0,99.0,3.0,14:39:17
,26.970963,65.293371,93.882688,19.0,99.0,97.0,0.2,98.0,99.0,3.0,14:39:18
,27.606831,65.293371,93.772574,20.0,99.0,97.0,0.2,98.0,99.0,3.0,14:39:18
,27.606831,64.467391,93.545293,20.0,99.0,97.0,0.2,98.0,99.0,3.0,14:39:19
,27.606831,64.467391,93.545293,20.0,99.0,97.0,0.2,98.0,99.0,4.0,14:39:19
,27.606831,64.467391,93.545293,20.0,99.0,97.0,0.2,98.0,99.0,4.0,14:39:20
,27.606831,64.467391,93.545293,20.0,99.0,97.0,0.2,98.0,99.0,4.0,14:39:20
,27.606831,64.467391,93.545293,20.0,99.0,97.0,0.2,98.0,99.0,4.0,14:39:21
,27.606831,64.467391,93.545293,20.0,99.0,97.0,0.2,98.0,98.0,4.0,14:39:21
,27.545223,64.467391,93.556315,19.0,99.0,99.0,0.2,98.0,98.0,4.0,14:39:22
,27.545223,64.134133,93.461744,19.0,99.0,99.0,0.2,98.0,98.0,4.0,14:39:22
,27.545223,64.134133,93.461744,19.0,99.0,97.0,0.2,98.0,98.0,4.0,14:39:23
,27.545223,64.134133,93.461744,19.0,99.0,97.0,0.2,98.0,98.0,5.0,14:39:23
,27.545223,64.134133,93.461744,19.0,99.0,99.0,0.2,98.0,98.0,5.0,14:39:24
,27.545223,64.134133,93.461744,19.0,99.0,99.0,0.2,98.0,98.0,5.0,14:39:24
,27.545223,64.134133,93.461744,19.0,99.0,99.0,0.2,98.0,98.0,5.0,14:39:25
,27.545223,64.134133,93.461744,19.0,99.0,99.0,0.2,98.0,99.0,3.0,14:39:25
,27.853683,64.134133,93.405829,18.0,99.0,100.0,0.2,98.0,99.0,3.0,14:39:26
,27.853683,63.72166,93.285271,18.0,99.0,100.0,0.2,98.0,99.0,3.0,14:39:26
,27.853683,63.72166,93.285271,18.0,99.0,99.0,0.2,98.0,99.0,3.0,14:39:27
,27.853683,63.72166,93.285271,18.0,99.0,99.0,0.2,98.0,98.0,3.0,14:39:27
,27.853683,63.72166,93.285271,18.0,99.0,99.0,0.2,98.0,98.0,3.0,14:39:28
,27.853683,63.72166,93.285271,18.0,99.0,99.0,0.2,98.0,98.0,3.0,14:39:28
,26.727217,63.72166,93.494104,18.0,100.0,99.0,0.2,98.0,98.0,3.0,14:39:29
,26.727217,63.72166,93.494104,18.0,100.0,99.0,0.2,98.0,100.0,3.0,14:39:29
,26.727217,66.062409,94.122542,18.0,100.0,99.0,0.2,98.0,100.0,3.0,14:39:30
,26.727217,66.062409,94.122542,18.0,100.0,99.0,0.2,98.0,100.0,3.0,14:39:30
,26.727217,66.062409,94.122542,18.0,100.0,99.0,0.2,98.0,100.0,3.0,14:39:31
,26.727217,66.062409,94.122542,18.0,100.0,99.0,0.2,98.0,100.0,3.0,14:39:31
,27.31299,66.062409,94.024111,18.0,100.0,101.0,0.2,98.0,100.0,3.0,14:39:32
,27.31299,66.062409,94.024111,18.0,100.0,101.0,0.2,98.0,100.0,3.0,14:39:32
,27.31299,65.318998,93.830194,18.0,99.0,102.0,0.2,98.0,100.0,3.0,14:39:33
,27.31299,65.318998,93.830194,18.0,99.0,102.0,0.2,99.0,99.0,4.0,14:39:33
,27.31299,65.318998,93.830194,18.0,99.0,99.0,0.2,99.0,99.0,4.0,14:39:34
,27.31299,65.318998,93.830194,18.0,99.0,99.0,0.2,99.0,99.0,4.0,14:39:34
,26.843781,65.318998,93.911543,19.0,99.0,100.0,0.2,99.0,99.0,4.0,14:39:35
,26.843781,66.150457,94.12505,19.0,99.0,100.0,0.2,99.0,98.0,4.0,14:39:35
,26.843781,66.150457,94.12505,19.0,99.0,99.0,0.2,99.0,98.0,4.0,14:39:36
,26.843781,66.150457,94.12505,19.0,99.0,99.0,0.2,99.0,98.0,4.0,14:39:36
,26.843781,66.150457,94.12505,19.0,99.0,98.0,0.2,99.0,98.0,4.0,14:39:37
,26.843781,66.150457,94.12505,19.0,99.0,98.0,0.2,99.0,98.0,4.0,14:39:37
,27.38089,66.150457,94.035226,19.0,99.0,98.0,0.2,99.0,98.0,4.0,14:39:38
,27.38089,65.15475,93.774434,19.0,99.0,98.0,0.2,99.0,98.0,4.0,14:39:38
,27.38089,65.15475,93.774434,19.0,99.0,97.0,0.2,99.0,98.0,4.0,14:39:39
,27.38089,65.15475,93.774434,19.0,99.0,97.0,0.2,99.0,97.0,3.0,14:39:39
,27.38089,65.15475,93.774434,19.0,100.0,98.0,0.2,99.0,97.0,3.0,14:39:40
,27.38089,65.15475,93.774434,19.0,100.0,98.0,0.2,99.0,97.0,3.0,14:39:40
,27.38089,65.15475,93.774434,19.0,100.0,98.0,0.2,99.0,97.0,3.0,14:39:41
,27.30241,65.15475,93.788098,20.0,100.0,98.0,0.2,99.0,97.0,3.0,14:39:41
,27.30241,65.425007,93.86016,20.0,100.0,96.0,0.2,99.0,97.0,3.0,14:39:42
,27.30241,65.425007,93.86016,20.0,100.0,96.0,0.2,99.0,97.0,3.0,14:39:42
,27.30241,65.425007,93.86016,20.0,100.0,97.0,0.2,99.0,97.0,3.0,14:39:43
,27.30241,65.425007,93.86016,20.0,100.0,97.0,0.2,98.0,95.0,3.0,14:39:43
,27.30241,65.425007,93.86016,20.0,100.0,97.0,0.3,98.0,95.0,3.0,14:39:44
,27.310534,65.425007,93.858762,20.0,100.0,97.0,0.3,98.0,95.0,3.0,14:39:44
,27.310534,65.425007,93.858762,20.0,99.0,97.0,0.3,98.0,95.0,3.0,14:39:45
,27.310534,64.944018,93.72972,20.0,99.0,97.0,0.3,98.0,97.0,3.0,14:39:45
,27.310534,64.944018,93.72972,20.0,99.0,98.0,0.3,98.0,97.0,3.0,14:39:46
,27.310534,64.944018,93.72972,20.0,99.0,98.0,0.3,98.0,97.0,3.0,14:39:46
,27.310534,64.944018,93.72972,20.0,99.0,98.0,0.3,98.0,97.0,3.0,14:39:47
,27.310534,64.944018,93.72972,20.0,99.0,98.0,0.3,97.0,98.0,4.0,14:39:47
,26.978554,64.944018,93.788174,19.0,99.0,98.0,0.3,97.0,98.0,4.0,14:39:48
,26.978554,64.944018,93.788174,19.0,99.0,98.0,0.3,97.0,98.0,4.0,14:39:48
,26.978554,65.801125,94.013619,19.0,99.0,97.0,0.3,97.0,98.0,4.0,14:39:49
,26.978554,65.801125,94.013619,19.0,99.0,97.0,0.3,97.0,96.0,4.0,14:39:49
,26.978554,65.801125,94.013619,19.0,99.0,100.0,0.3,97.0,96.0,4.0,14:39:50
4.0,26.978554,65.801125,94.013619,19.0,99.0,100.0,0.3,97.0,96.0,4.0,14:39:50
4.0,26.978554,65.801125,94.013619,19.0,99.0,99.0,0.3,97.0,96.0,4.0,14:39:51
4.0,26.822004,65.801125,94.040256,18.0,99.0,99.0,0.3,97.0,97.0,3.0,14:39:51
4.0,26.822004,65.792803,94.038128,18.0,99.0,98.0,0.3,97.0,97.0,3.0,14:39:52
4.0,26.822004,65.792803,94.038128,18.0,99.0,98.0,0.3,97.0,97.0,3.0,14:39:52
4.0,26.822004,65.792803,94.038128,18.0,99.0,98.0,0.3,97.0,97.0,3.0,14:39:53
4.0,26.822004,65.792803,94.038128,18.0,99.0,98.0,0.3,98.0,96.0,4.0,14:39:53
4.0,26.822004,65.792803,94.038128,18.0,99.0,97.0,0.3,98.0,96.0,4.0,14:39:54
,26.822004,65.792803,94.038128,18.0,99.0,97.0,0.3,98.0,96.0,4.0,14:39:54
,26.822004,65.792803,94.038128,18.0,99.0,97.0,0.3,98.0,96.0,4.0,14:39:55
,27.356243,65.792803,93.947382,18.0,99.0,97.0,0.3,98.0,97.0,3.0,14:39:55
,27.356243,64.976028,93.730395,18.0,99.0,96.0,0.3,98.0,97.0,3.0,14:39:56
,27.356243,64.976028,93.730395,18.0,99.0,96.0,0.3,98.0,97.0,3.0,14:39:56
,27.356243,64.976028,93.730395,18.0,99.0,96.0,0.3,98.0,97.0,3.0,14:39:57
,27.356243,64.976028,93.730395,18.0,99.0,96.0,0.3,98.0,96.0,3.0,14:39:57
,27.356243,64.976028,93.730395,18.0,99.0,97.0,0.3,98.0,96.0,3.0,14:39:58
,27.356243,64.976028,93.730395,18.0,99.0,97.0,0.3,98.0,96.0,3.0,14:39:58
,26.917561,64.976028,93.807537,17.0,99.0,97.0,0.3,98.0,96.0,3.0,14:39:59
,26.917561,64.976028,93.807537,17.0,99.0,97.0,0.3,98.0,98.0,4.0,14:39:59
,26.917561,65.876128,94.043179,17.0,99.0,97.0,0.3,98.0,98.0,4.0,14:40:00
,26.917561,65.876128,94.043179,17.0,99.0,97.0,0.3,98.0,98.0,4.0,14:40:00
,26.917561,65.876128,94.043179,17.0,99.0,98.0,0.3,98.0,98.0,4.0,14:40:01
,26.917561,65.876128,94.043179,17.0,99.0,98.0,0.3,98.0,98.0,4.0,14:40:01
,26.917561,65.876128,94.043179,17.0,99.0,98.0,0.3,98.0,98.0,4.0,14:40:02
,26.852913,65.876128,94.054145,17.0,99.0,98.0,0.3,98.0,98.0,4.0,14:40:02
,26.852913,65.804603,94.035883,17.0,99.0,98.0,0.3,98.0,96.0,3.0,14:40:03
,26.852913,65.804603,94.035883,17.0,99.0,98.0,0.3,98.0,96.0,3.0,14:40:03
,26.852913,65.804603,94.035883,17.0,99.0,98.0,0.3,98.0,96.0,3.0,14:40:04
,26.852913,65.804603,94.035883,17.0,99.0,98.0,0.3,98.0,96.0,3.0,14:40:04
,26.852913,65.804603,94.035883,17.0,99.0,98.0,0.3,98.0,96.0,3.0,14:40:05
,26.929712,65.804603,94.022816,17.0,99.0,98.0,0.3,99.0,98.0,3.0,14:40:05
,26.929712,65.804603,94.022816,17.0,99.0,97.0,0.3,99.0,98.0,3.0,14:40:06
,26.929712,65.646902,93.982206,17.0,99.0,97.0,0.3,99.0,98.0,3.0,14:40:06
,26.929712,65.646902,93.982206,17.0,99.0,97.0,0.3,99.0,98.0,3.0,14:40:07
,26.929712,65.646902,93.982206,17.0,99.0,97.0,0.3,99.0,97.0,4.0,14:40:07
,26.929712,65.646902,93.982206,17.0,99.0,98.0,0.3,99.0,97.0,4.0,14:40:08
,26.929712,65.646902,93.982206,17.0,99.0,98.0,0.3,99.0,97.0,4.0,14:40:08
,26.929712,65.646902,93.982206,17.0,99.0,97.0,0.3,99.0,97.0,4.0,14:40:09
,26.878883,65.646902,93.990911,17.0,99.0,97.0,0.3,99.0,99.0,4.0,14:40:09
,26.878883,65.646902,93.990911,17.0,99.0,97.0,0.3,99.0,99.0,4.0,14:40:10
,26.878883,65.05692,93.835997,17.0,99.0,97.0,0.3,99.0,99.0,4.0,14:40:10
,26.878883,65.05692,93.835997,17.0,99.0,98.0,0.3,99.0,99.0,4.0,14:40:11
,26.878883,65.05692,93.835997,17.0,99.0,98.0,0.3,99.0,97.0,3.0,14:40:11
,26.878883,65.05692,93.835997,17.0,99.0,99.0,0.3,99.0,97.0,3.0,14:40:12
,26.878883,65.05692,93.835997,17.0,99.0,99.0,0.3,99.0,97.0,3.0,14:40:12
,26.878883,65.05692,93.835997,17.0,99.0,99.0,0.3,99.0,97.0,3.0,14:40:13
,26.878883,65.05692,93.835997,17.0,99.0,99.0,0.3,99.0,100.0,4.0,14:40:13
,26.966228,65.05692,93.820656,16.0,100.0,98.0,0.3,99.0,100.0,4.0,14:40:14
,26.966228,65.026836,93.812599,16.0,100.0,98.0,0.3,99.0,100.0,4.0,14:40:14
,26.966228,65.026836,93.812599,16.0,100.0,98.0,0.3,99.0,100.0,4.0,14:40:15
,26.966228,65.026836,93.812599,16.0,100.0,98.0,0.3,99.0,99.0,4.0,14:40:15
,26.966228,65.026836,93.812599,16.0,100.0,98.0,0.3,99.0,99.0,4.0,14:40:16
,26.966228,65.026836,93.812599,16.0,100.0,98.0,0.3,99.0,99.0,4.0,14:40:16
,26.966228,65.026836,93.812599,16.0,100.0,98.0,0.3,99.0,99.0,4.0,14:40:17
,26.550816,65.026836,93.885791,17.0,100.0,98.0,0.3,100.0,98.0,3.0,14:40:17
,26.550816,65.601982,94.035709,17.0,100.0,96.0,0.3,100.0,98.0,3.0,14:40:18
,26.550816,65.601982,94.035709,17.0,100.0,96.0,0.3,100.0,98.0,3.0,14:40:18
,26.550816,65.601982,94.035709,17.0,100.0,96.0,0.3,100.0,98.0,3.0,14:40:19
,26.550816,65.601982,94.035709,17.0,100.0,96.0,0.3,99.0,96.0,3.0,14:40:19
,26.550816,65.601982,94.035709,17.0,100.0,96.0,0.3,99.0,96.0,3.0,14:40:20
,26.550816,65.601982,94.035709,17.0,100.0,96.0,0.3,99.0,96.0,3.0,14:40:20
,26.550816,65.601982,94.035709,17.0,100.0,94.0,0.3,99.0,96.0,3.0,14:40:21
,27.067278,65.601982,93.94699,16.0,100.0,94.0,0.3,99.0,96.0,4.0,14:40:21
,27.067278,65.163628,93.831476,16.0,100.0,94.0,0.3,99.0,96.0,4.0,14:40:22
,27.067278,65.163628,93.831476,16.0,100.0,94.0,0.3,99.0,96.0,4.0,14:40:22
,27.067278,65.163628,93.831476,16.0,100.0,94.0,0.3,99.0,96.0,4.0,14:40:23
,27.067278,65.163628,93.831476,16.0,100.0,94.0,0.3,99.0,96.0,3.0,14:40:23
,27.067278,65.163628,93.831476,16.0,100.0,95.0,0.3,99.0,96.0,3.0,14:40:24
,27.067278,65.163628,93.831476,16.0,100.0,95.0,0.3,99.0,96.0,3.0,14:40:24
,26.486721,65.163628,93.933142,16.0,100.0,95.0,0.3,99.0,96.0,3.0,14:40:25
,26.486721,66.329511,94.2293,16.0,100.0,95.0,0.3,99.0,97.0,4.0,14:40:25
,26.486721,66.329511,94.2293,16.0,100.0,97.0,0.3,99.0,97.0,4.0,14:40:26
,26.486721,66.329511,94.2293,16.0,100.0,97.0,0.3,99.0,97.0,4.0,14:40:26
,26.486721,66.329511,94.2293,16.0,100.0,97.0,0.3,99.0,97.0,4.0,14:40:27
,26.486721,66.329511,94.2293,16.0,100.0,97.0,0.3,99.0,96.0,4.0,14:40:27
5.0,26.486721,66.329511,94.2293,16.0,100.0,97.0,0.3,99.0,96.0,4.0,14:40:28
5.0,26.442698,66.329511,94.236658,16.0,100.0,97.0,0.3,99.0,96.0,4.0,14:40:28
5.0,26.442698,65.862718,94.120532,16.0,100.0,95.0,0.3,99.0,96.0,4.0,14:40:29
5.0,26.442698,65.862718,94.120532,16.0,100.0,95.0,0.3,99.0,93.0,4.0,14:40:29
5.0,26.442698,65.862718,94.120532,16.0,100.0,96.0,0.3,99.0,93.0,4.0,14:40:30
5.0,26.442698,65.862718,94.120532,16.0,100.0,96.0,0.3,99.0,93.0,4.0,14:40:30
5.0,26.442698,65.862718,94.120532,16.0,100.0,95.0,0.3,99.0,93.0,4.0,14:40:31
5.0,26.442698,65.862718,94.120532,16.0,100.0,95.0,0.3,99.0,95.0,3.0,14:40:31
,26.442698,65.862718,94.120532,16.0,100.0,94.0,0.3,99.0,95.0,3.0,14:40:32
,26.949759,65.862718,94.034292,17.0,100.0,94.0,0.3,99.0,95.0,3.0,14:40:32
,26.949759,65.290191,93.885534,17.0,100.0,95.0,0.3,99.0,95.0,3.0,14:40:33
,26.949759,65.290191,93.885534,17.0,100.0,95.0,0.3,99.0,94.0,4.0,14:40:33
,26.949759,65.290191,93.885534,17.0,100.0,95.0,0.3,99.0,94.0,4.0,14:40:34
,26.949759,65.290191,93.885534,17.0,100.0,95.0,0.3,99.0,94.0,4.0,14:40:34
,26.949759,65.290191,93.885534,17.0,100.0,95.0,0.3,99.0,94.0,4.0,14:40:35
,26.949759,65.290191,93.885534,17.0,100.0,95.0,0.3,99.0,95.0,3.0,14:40:35
,26.100773,65.290191,94.033809,17.0,100.0,93.0,0.3,99.0,95.0,3.0,14:40:36
,26.100773,66.410925,94.313676,17.0,100.0,93.0,0.3,99.0,95.0,3.0,14:40:36
,26.100773,66.410925,94.313676,17.0,100.0,95.0,0.3,99.0,95.0,3.0,14:40:37
,26.100773,66.410925,94.313676,17.0,100.0,95.0,0.3,99.0,94.0,4.0,14:40:37
,26.100773,66.410925,94.313676,17.0,100.0,94.0,0.3,99.0,94.0,4.0,14:40:38
,26.100773,66.410925,94.313676,17.0,100.0,94.0,0.3,99.0,94.0,4.0,14:40:38
,26.100773,66.410925,94.313676,17.0,100.0,94.0,0.3,99.0,94.0,4.0,14:40:39
,26.772911,66.410925,94.201693,17.0,100.0,94.0,0.3,99.0,95.0,3.0,14:40:39
,26.772911,66.410925,94.201693,17.0,100.0,93.0,0.3,99.0,95.0,3.0,14:40:40
,26.772911,66.410925,94.201693,17.0,100.0,93.0,0.3,99.0,95.0,3.0,14:40:40
,26.772911,57.778737,91.448387,17.0,100.0,93.0,0.3,99.0,95.0,3.0,14:40:41
,26.772911,57.778737,91.448387,17.0,100.0,93.0,0.3,99.0,96.0,3.0,14:40:41
,26.772911,56.659438,90.977146,17.0,100.0,93.0,0.3,99.0,96.0,3.0,14:40:42
,26.772911,56.659438,90.977146,17.0,100.0,93.0,0.3,99.0,96.0,3.0,14:40:42
,25.326265,56.659438,91.35121,17.0,100.0,94.0,0.3,99.0,96.0,3.0,14:40:43
,25.326265,56.659438,91.35121,17.0,100.0,94.0,0.3,99.0,98.0,3.0,14:40:43
,25.326265,56.659438,91.35121,17.0,100.0,95.0,0.3,99.0,98.0,3.0,14:40:44
,25.326265,56.659438,91.35121,17.0,100.0,95.0,0.3,99.0,98.0,3.0,14:40:44
,25.326265,56.659438,91.35121,17.0,100.0,95.0,0.3,99.0,98.0,3.0,14:40:45
,25.326265,56.659438,91.35121,17.0,100.0,95.0,0.3,99.0,97.0,4.0,14:40:45
,25.326265,56.659438,91.35121,17.0,100.0,95.0,0.3,99.0,97.0,4.0,14:40:46
,25.326265,56.659438,91.35121,17.0,100.0,95.0,0.3,99.0,97.0,4.0,14:40:46
,25.506044,56.659438,91.304353,17.0,100.0,95.0,0.3,99.0,97.0,4.0,14:40:47
,25.506044,50.129222,87.908693,17.0,100.0,95.0,0.3,99.0,97.0,3.0,14:40:47
,25.506044,50.129222,87.908693,17.0,100.0,97.0,0.3,99.0,97.0,3.0,14:40:48
,25.506044,50.129222,87.908693,17.0,100.0,97.0,0.3,99.0,97.0,3.0,14:40:48
,25.506044,50.129222,87.908693,17.0,100.0,97.0,0.3,99.0,97.0,3.0,14:40:49
,25.506044,50.129222,87.908693,17.0,100.0,97.0,0.3,99.0,95.0,3.0,14:40:49
,25.506044,50.129222,87.908693,17.0,100.0,96.0,0.3,99.0,95.0,3.0,14:40:50
,24.852438,50.129222,88.141725,17.0,100.0,96.0,0.3,99.0,95.0,3.0,14:40:50
,24.852438,47.729165,86.514883,17.0,100.0,96.0,0.3,99.0,95.0,3.0,14:40:51
,24.852438,47.729165,86.514883,17.0,100.0,96.0,0.3,99.0,95.0,3.0,14:40:51
,24.852438,47.729165,86.514883,17.0,100.0,97.0,0.3,99.0,95.0,3.0,14:40:52
,24.852438,47.729165,86.514883,17.0,100.0,97.0,0.3,99.0,95.0,3.0,14:40:52
,24.852438,47.729165,86.514883,17.0,100.0,97.0,0.3,99.0,95.0,3.0,14:40:53
,25.18434,47.729165,86.381659,17.0,100.0,97.0,0.3,99.0,99.0,4.0,14:40:53
,25.18434,47.944668,86.539957,17.0,100.0,96.0,0.3,99.0,99.0,4.0,14:40:54
,25.18434,47.944668,86.539957,17.0,100.0,96.0,0.3,99.0,99.0,4.0,14:40:54
,25.18434,47.944668,86.539957,17.0,100.0,98.0,0.3,99.0,99.0,4.0,14:40:55
,25.18434,47.944668,86.539957,17.0,100.0,98.0,0.3,99.0,99.0,3.0,14:40:55
,25.18434,47.944668,86.539957,17.0,100.0,98.0,0.3,99.0,99.0,3.0,14:40:56
,25.18434,47.944668,86.539957,17.0,100.0,98.0,0.3,99.0,99.0,3.0,14:40:56
,25.18434,47.944668,86.539957,17.0,100.0,98.0,0.3,99.0,99.0,3.0,14:40:57
,25.484158,47.944668,86.421449,17.0,100.0,98.0,0.3,99.0,101.0,3.0,14:40:57
,25.484158,47.39273,86.008223,17.0,100.0,98.0,0.3,99.0,101.0,3.0,14:40:58
,25.484158,47.39273,86.008223,17.0,100.0,98.0,0.3,99.0,101.0,3.0,14:40:58
,25.484158,47.39273,86.008223,17.0,100.0,101.0,0.3,99.0,101.0,3.0,14:40:59
,25.484158,47.39273,86.008223,17.0,100.0,101.0,0.3,99.0,101.0,3.0,14:40:59
,27.28363,47.39273,85.289629,18.0,100.0,103.0,0.3,99.0,101.0,3.0,14:41:00
,27.28363,45.616804,83.788102,18.0,100.0,103.0,0.3,99.0,101.0,3.0,14:41:00
,27.28363,45.616804,83.788102,18.0,100.0,103.0,0.3,99.0,101.0,3.0,14:41:01
,27.28363,45.616804,83.788102,18.0,100.0,103.0,0.3,99.0,103.0,3.0,14:41:01
,27.28363,45.616804,83.788102,18.0,100.0,103.0,0.3,99.0,103.0,3.0,14:41:02
,27.28363,45.616804,83.788102,18.0,100.0,103.0,0.3,99.0,103.0,3.0,14:41:02
,27.28363,45.616804,83.788102,18.0,100.0,103.0,0.3,99.0,103.0,3.0,14:41:03
,27.28363,45.616804,83.788102,18.0,100.0,103.0,0.3,99.0,105.0,3.0,14:41:03
,25.907578,45.616804,84.384071,18.0,100.0,103.0,0.3,99.0,105.0,3.0,14:41:04
,25.907578,46.255223,84.926467,18.0,100.0,103.0,0.3,99.0,105.0,3.0,14:41:04
,25.907578,46.255223,84.926467,18.0,99.0,105.0,0.3,99.0,105.0,3.0,14:41:05
,25.907578,46.255223,84.926467,18.0,99.0,105.0,0.3,98.0,101.0,4.0,14:41:05
,25.907578,46.255223,84.926467,18.0,99.0,106.0,0.3,98.0,101.0,4.0,14:41:06
,25.907578,46.255223,84.926467,18.0,99.0,106.0,0.3,98.0,101.0,4.0,14:41:06
,25.907578,46.255223,84.926467,18.0,99.0,106.0,0.3,98.0,101.0,4.0,14:41:07
,25.410728,46.255223,85.138412,18.0,99.0,106.0,0.3,99.0,102.0,3.0,14:41:07
,25.410728,46.496807,85.335241,18.0,99.0,106.0,0.3,99.0,102.0,3.0,14:41:08
,25.410728,46.496807,85.335241,18.0,99.0,106.0,0.3,99.0,102.0,3.0,14:41:08
,25.410728,46.496807,85.335241,18.0,100.0,105.0,0.3,99.0,102.0,3.0,14:41:09
,25.410728,46.496807,85.335241,18.0,100.0,105.0,0.3,99.0,101.0,3.0,14:41:09
,25.410728,46.496807,85.335241,18.0,100.0,105.0,0.3,99.0,101.0,3.0,14:41:10
,25.410728,46.496807,85.335241,18.0,100.0,105.0,0.3,99.0,101.0,3.0,14:41:10
,25.341722,46.496807,85.364472,18.0,100.0,104.0,0.3,99.0,101.0,3.0,14:41:11
,25.341722,46.240122,85.155598,18.0,100.0,104.0,0.3,99.0,102.0,4.0,14:41:11
,25.341722,46.240122,85.155598,18.0,100.0,102.0,0.3,99.0,102.0,4.0,14:41:12
,25.341722,46.240122,85.155598,18.0,100.0,102.0,0.3,99.0,102.0,4.0,14:41:12
,25.341722,46.240122,85.155598,18.0,100.0,101.0,0.3,99.0,102.0,4.0,14:41:13
,25.341722,46.240122,85.155598,18.0,100.0,101.0,0.3,99.0,103.0,4.0,14:41:13
,25.341722,46.240122,85.155598,18.0,100.0,101.0,0.3,99.0,103.0,4.0,14:41:14
,25.341722,46.240122,85.155598,18.0,100.0,101.0,0.3,99.0,103.0,4.0,14:41:14
,25.42869,46.240122,85.118305,18.0,100.0,102.0,0.3,99.0,103.0,4.0,14:41:15
,25.42869,46.199901,85.085176,18.0,100.0,102.0,0.3,99.0,103.0,4.0,14:41:15
,25.42869,46.199901,85.085176,18.0,100.0,102.0,0.3,99.0,103.0,4.0,14:41:16
,25.42869,46.199901,85.085176,18.0,100.0,102.0,0.3,99.0,103.0,4.0,14:41:16
,25.42869,46.199901,85.085176,18.0,100.0,103.0,0.3,99.0,103.0,4.0,14:41:17
,25.42869,46.199901,85.085176,18.0,100.0,103.0,0.3,99.0,101.0,3.0,14:41:17
,25.42869,46.199901,85.085176,18.0,99.0,104.0,0.3,99.0,101.0,3.0,14:41:18
,25.421793,46.199901,85.088137,17.0,99.0,104.0,0.3,99.0,101.0,3.0,14:41:18
,25.421793,46.062345,84.974174,17.0,99.0,102.0,0.3,99.0,101.0,3.0,14:41:19
,25.421793,46.062345,84.974174,17.0,99.0,102.0,0.3,99.0,101.0,4.0,14:41:19
,25.421793,46.062345,84.974174,17.0,99.0,102.0,0.3,99.0,101.0,4.0,14:41:20
,25.421793,46.062345,84.974174,17.0,99.0,102.0,0.3,99.0,101.0,4.0,14:41:20
,25.421793,46.062345,84.974174,17.0,99.0,103.0,0.3,99.0,101.0,4.0,14:41:21
,25.421793,46.062345,84.974174,17.0,99.0,103.0,0.3,99.0,102.0,4.0,14:41:21
,25.736555,46.062345,84.838476,17.0,100.0,103.0,0.3,99.0,102.0,4.0,14:41:22
,25.736555,46.062345,84.838476,17.0,100.0,103.0,0.3,99.0,102.0,4.0,14:41:22
,25.736555,45.118763,84.02133,17.0,100.0,101.0,0.3,99.0,102.0,4.0,14:41:23
,25.736555,45.118763,84.02133,17.0,100.0,101.0,0.3,99.0,101.0,4.0,14:41:23
,25.736555,45.118763,84.02133,17.0,100.0,101.0,0.3,99.0,101.0,4.0,14:41:24
,25.736555,45.118763,84.02133,17.0,100.0,101.0,0.3,99.0,101.0,4.0,14:41:24
,25.131048,45.118763,84.295139,18.0,100.0,101.0,0.3,99.0,101.0,4.0,14:41:25
,25.131048,45.868091,84.938589,18.0,100.0,101.0,0.3,99.0,101.0,3.0,14:41:25
,25.131048,45.868091,84.938589,18.0,100.0,101.0,0.3,99.0,101.0,3.0,14:41:26
,25.131048,45.868091,84.938589,18.0,100.0,101.0,0.3,99.0,101.0,3.0,14:41:26
,25.131048,45.868091,84.938589,18.0,100.0,101.0,0.3,99.0,101.0,3.0,14:41:27
,25.131048,45.868091,84.938589,18.0,100.0,101.0,0.3,99.0,100.0,3.0,14:41:27
,24.799404,45.868091,85.084391,18.0,100.0,101.0,0.3,99.0,100.0,3.0,14:41:28
,24.799404,45.868091,85.084391,18.0,100.0,101.0,0.3,99.0,100.0,3.0,14:41:28
,24.799404,46.227355,85.379021,18.0,100.0,101.0,0.3,99.0,100.0,3.0,14:41:29
,24.799404,46.227355,85.379021,18.0,100.0,101.0,0.3,99.0,101.0,3.0,14:41:29
,24.799404,46.227355,85.379021,18.0,100.0,101.0,0.3,99.0,101.0,3.0,14:41:30
,24.799404,46.227355,85.379021,18.0,100.0,101.0,0.3,99.0,101.0,3.0,14:41:30
,24.799404,46.227355,85.379021,18.0,100.0,101.0,0.3,99.0,101.0,3.0,14:41:31
,25.076933,46.227355,85.259058,18.0,100.0,101.0,0.3,99.0,101.0,3.0,14:41:31
,25.076933,46.227355,85.259058,18.0,100.0,101.0,0.3,99.0,101.0,3.0,14:41:32
,25.076933,45.293516,84.472531,18.0,100.0,101.0,0.3,99.0,101.0,3.0,14:41:32
,25.076933,45.293516,84.472531,18.0,100.0,101.0,0.3,99.0,101.0,3.0,14:41:33
,25.076933,45.293516,84.472531,18.0,100.0,101.0,0.3,97.0,101.0,4.0,14:41:33
,25.076933,45.293516,84.472531,18.0,100.0,102.0,0.3,97.0,101.0,4.0,14:41:34
,25.076933,45.293516,84.472531,18.0,100.0,102.0,0.3,97.0,101.0,4.0,14:41:34
,25.076933,45.293516,84.472531,18.0,100.0,102.0,0.3,97.0,101.0,4.0,14:41:35
,25.050938,45.293516,84.484261,18.0,100.0,102.0,0.3,96.0,102.0,4.0,14:41:35
,25.050938,45.213847,84.414877,18.0,100.0,102.0,0.3,96.0,102.0,4.0,14:41:36
,25.050938,45.213847,84.414877,18.0,100.0,102.0,0.3,96.0,102.0,4.0,14:41:36
,25.050938,45.213847,84.414877,18.0,100.0,102.0,0.3,96.0,102.0,4.0,14:41:37
,25.050938,45.213847,84.414877,18.0,100.0,102.0,0.3,94.0,102.0,3.0,14:41:37
,24.984594,45.213847,84.444954,19.0,100.0,102.0,0.3,94.0,102.0,3.0,14:41:38
,24.984594,45.213847,84.444954,19.0,100.0,102.0,0.3,94.0,102.0,3.0,14:41:38
,24.984594,45.304375,84.523634,19.0,100.0,102.0,0.3,94.0,102.0,3.0,14:41:39
,24.984594,45.304375,84.523634,19.0,100.0,102.0,0.3,93.0,102.0,3.0,14:41:39
,24.984594,45.304375,84.523634,19.0,100.0,103.0,0.3,93.0,102.0,3.0,14:41:40
,24.984594,45.304375,84.523634,19.0,100.0,103.0,0.3,93.0,102.0,3.0,14:41:40
,24.984594,45.304375,84.523634,19.0,100.0,104.0,0.3,93.0,102.0,3.0,14:41:41
,24.984594,45.304375,84.523634,19.0,100.0,104.0,0.3,93.0,102.0,3.0,14:41:41
,25.819582,45.304375,84.149199,18.0,100.0,103.0,0.3,93.0,102.0,3.0,14:41:42
,25.819582,45.304375,84.149199,18.0,100.0,103.0,0.3,93.0,102.0,3.0,14:41:42
,25.819582,44.198552,83.13381,18.0,100.0,103.0,0.3,93.0,103.0,3.0,14:41:43
,25.819582,44.198552,83.13381,18.0,100.0,103.0,0.3,91.0,102.0,3.0,14:41:43
,25.819582,44.198552,83.13381,18.0,100.0,103.0,0.3,91.0,102.0,3.0,14:41:44
,25.819582,44.198552,83.13381,18.0,100.0,103.0,0.3,91.0,102.0,3.0,14:41:44
,25.819582,44.198552,83.13381,18.0,100.0,103.0,0.3,91.0,102.0,3.0,14:41:45
,25.819582,44.198552,83.13381,18.0,100.0,103.0,0.3,90.0,103.0,3.0,14:41:45
,25.696922,44.198552,83.191442,17.0,97.0,103.0,0.3,90.0,103.0,3.0,14:41:46
,25.696922,43.713165,82.722601,17.0,97.0,103.0,0.3,90.0,103.0,3.0,14:41:46
,25.696922,43.713165,82.722601,17.0,97.0,102.0,0.3,90.0,103.0,3.0,14:41:47
,25.696922,43.713165,82.722601,17.0,97.0,102.0,0.3,90.0,101.0,3.0,14:41:47
,25.696922,43.713165,82.722601,17.0,92.0,103.0,0.3,90.0,101.0,3.0,14:41:48
,24.536549,43.713165,83.286976,18.0,92.0,103.0,0.3,90.0,101.0,3.0,14:41:48
,24.536549,45.740972,85.095274,18.0,88.0,104.0,0.3,90.0,101.0,3.0,14:41:49
,24.536549,45.740972,85.095274,18.0,88.0,104.0,0.3,89.0,102.0,3.0,14:41:49
,24.536549,45.740972,85.095274,18.0,88.0,103.0,0.3,89.0,102.0,3.0,14:41:50
,24.536549,45.740972,85.095274,18.0,88.0,103.0,0.3,89.0,102.0,3.0,14:41:50
,24.536549,45.740972,85.095274,18.0,88.0,103.0,0.3,89.0,102.0,3.0,14:41:51
,25.142725,45.740972,84.826563,19.0,88.0,103.0,0.3,89.0,102.0,3.0,14:41:51
,25.142725,44.405821,83.646374,19.0,89.0,102.0,0.3,89.0,102.0,3.0,14:41:52
,25.142725,44.405821,83.646374,19.0,89.0,102.0,0.3,89.0,102.0,3.0,14:41:52
,25.142725,44.405821,83.646374,19.0,89.0,102.0,0.3,89.0,102.0,3.0,14:41:53
,25.142725,44.405821,83.646374,19.0,89.0,102.0,0.3,89.0,103.0,4.0,14:41:53
,25.142725,44.405821,83.646374,19.0,89.0,104.0,0.3,89.0,103.0,4.0,14:41:54
,25.316359,44.405821,83.564841,19.0,89.0,104.0,0.3,89.0,103.0,4.0,14:41:54
,25.316359,44.195477,83.368149,19.0,90.0,104.0,0.3,89.0,103.0,4.0,14:41:55
,25.316359,44.195477,83.368149,19.0,90.0,104.0,0.3,89.0,104.0,4.0,14:41:55
,25.316359,44.195477,83.368149,19.0,90.0,104.0,0.3,89.0,104.0,4.0,14:41:56
,25.316359,44.195477,83.368149,19.0,90.0,104.0,0.3,89.0,104.0,4.0,14:41:56
,25.371407,44.195477,83.342091,20.0,90.0,104.0,0.3,89.0,104.0,4.0,14:41:57
,25.371407,44.195477,83.342091,20.0,90.0,104.0,0.3,89.0,105.0,3.0,14:41:57
,25.371407,44.038119,83.192903,20.0,90.0,104.0,0.3,89.0,105.0,3.0,14:41:58
,25.371407,44.038119,83.192903,20.0,90.0,104.0,0.3,89.0,105.0,3.0,14:41:58
,25.371407,44.038119,83.192903,20.0,90.0,104.0,0.3,89.0,105.0,3.0,14:41:59
,25.371407,44.038119,83.192903,20.0,90.0,104.0,0.3,88.0,104.0,3.0,14:41:59
,25.371407,44.038119,83.192903,20.0,90.0,105.0,0.3,88.0,104.0,3.0,14:42:00
,25.156685,44.038119,83.295456,21.0,90.0,105.0,0.3,88.0,104.0,3.0,14:42:00
,25.156685,44.363156,83.600293,21.0,90.0,104.0,0.3,88.0,104.0,3.0,14:42:01
,25.156685,44.363156,83.600293,21.0,90.0,104.0,0.3,88.0,104.0,3.0,14:42:01
,25.156685,44.363156,83.600293,21.0,90.0,105.0,0.3,88.0,104.0,3.0,14:42:02
,25.156685,44.363156,83.600293,21.0,90.0,105.0,0.3,88.0,104.0,3.0,14:42:02
,25.156685,44.363156,83.600293,21.0,90.0,105.0,0.3,88.0,104.0,3.0,14:42:03
,25.156685,44.363156,83.600293,21.0,90.0,105.0,0.3,87.0,104.0,3.0,14:42:03
,25.77677,44.363156,83.309735,20.0,90.0,104.0,0.3,87.0,104.0,3.0,14:42:04
,25.77677,43.249309,82.22068,20.0,90.0,104.0,0.3,87.0,104.0,3.0,14:42:04
,25.77677,43.249309,82.22068,20.0,90.0,104.0,0.3,87.0,104.0,3.0,14:42:05
,25.77677,43.249309,82.22068,20.0,90.0,104.0,0.3,88.0,104.0,3.0,14:42:05
,25.77677,43.249309,82.22068,20.0,90.0,105.0,0.3,88.0,104.0,3.0,14:42:06
,25.77677,43.249309,82.22068,20.0,90.0,105.0,0.3,88.0,104.0,3.0,14:42:06
,25.77677,43.249309,82.22068,20.0,89.0,105.0,0.3,88.0,104.0,3.0,14:42:07
,25.44779,43.249309,82.382783,19.0,89.0,105.0,0.3,87.0,105.0,4.0,14:42:07
,25.44779,43.249309,82.382783,19.0,89.0,105.0,0.3,87.0,105.0,4.0,14:42:08
,25.44779,43.723349,82.852718,19.0,89.0,105.0,0.3,87.0,105.0,4.0,14:42:08
,25.44779,43.723349,82.852718,19.0,89.0,106.0,0.3,87.0,105.0,4.0,14:42:09
,25.44779,43.723349,82.852718,19.0,89.0,106.0,0.3,87.0,102.0,4.0,14:42:09
,25.44779,43.723349,82.852718,19.0,89.0,105.0,0.3,87.0,102.0,4.0,14:42:10
,25.44779,43.723349,82.852718,19.0,89.0,105.0,0.3,87.0,102.0,4.0,14:42:10
,24.866367,43.723349,83.135155,19.0,89.0,105.0,0.3,87.0,102.0,4.0,14:42:11
,24.866367,44.368743,83.742566,19.0,89.0,105.0,0.3,87.0,102.0,4.0,14:42:11
,24.866367,44.368743,83.742566,19.0,89.0,103.0,0.3,87.0,102.0,4.0,14:42:12
,24.866367,44.368743,83.742566,19.0,89.0,103.0,0.3,87.0,102.0,4.0,14:42:12
,24.866367,44.368743,83.742566,19.0,89.0,102.0,0.3,87.0,102.0,4.0,14:42:13
,24.866367,44.368743,83.742566,19.0,89.0,102.0,0.3,87.0,104.0,3.0,14:42:13
,24.866367,44.368743,83.742566,19.0,87.0,102.0,0.3,87.0,104.0,3.0,14:42:14
,25.33462,44.368743,83.521797,18.0,87.0,102.0,0.3,87.0,104.0,3.0,14:42:14
,25.33462,43.648833,82.834783,18.0,85.0,103.0,0.3,87.0,104.0,3.0,14:42:15
,25.33462,43.648833,82.834783,18.0,85.0,103.0,0.3,87.0,105.0,4.0,14:42:15
,25.33462,43.648833,82.834783,18.0,85.0,103.0,0.3,87.0,105.0,4.0,14:42:16
,25.33462,43.648833,82.834783,18.0,85.0,103.0,0.3,87.0,105.0,4.0,14:42:16
,24.957878,43.648833,83.018479,18.0,85.0,102.0,0.3,87.0,105.0,4.0,14:42:17
,24.957878,43.648833,83.018479,18.0,85.0,102.0,0.3,86.0,104.0,3.0,14:42:17
,24.957878,43.728798,83.095759,18.0,85.0,102.0,0.3,86.0,104.0,3.0,14:42:18
,24.957878,43.728798,83.095759,18.0,85.0,102.0,0.3,86.0,104.0,3.0,14:42:18
,24.957878,43.728798,83.095759,18.0,85.0,105.0,0.3,86.0,104.0,3.0,14:42:19
,24.957878,43.728798,83.095759,18.0,85.0,105.0,0.3,86.0,103.0,4.0,14:42:19
,24.957878,43.728798,83.095759,18.0,84.0,105.0,0.3,86.0,103.0,4.0,14:42:20
,25.227961,43.728798,82.964444,18.0,84.0,105.0,0.3,86.0,103.0,4.0,14:42:20
,25.227961,43.580361,82.819723,18.0,84.0,105.0,0.3,86.0,103.0,4.0,14:42:21
,25.227961,43.580361,82.819723,18.0,84.0,105.0,0.3,86.0,104.0,4.0,14:42:21
,25.227961,43.580361,82.819723,18.0,84.0,105.0,0.3,86.0,104.0,4.0,14:42:22
,25.227961,43.580361,82.819723,18.0,84.0,105.0,0.3,86.0,104.0,4.0,14:42:22
,25.227961,43.580361,82.819723,18.0,84.0,106.0,0.3,86.0,104.0,4.0,14:42:23
,25.227961,43.580361,82.819723,18.0,84.0,106.0,0.3,86.0,104.0,3.0,14:42:23
,25.555105,43.580361,82.660397,19.0,85.0,105.0,0.3,86.0,104.0,3.0,14:42:24
,25.555105,42.941848,82.016038,19.0,85.0,105.0,0.3,86.0,104.0,3.0,14:42:24
,25.555105,42.941848,82.016038,19.0,85.0,105.0,0.3,86.0,104.0,3.0,14:42:25
,25.555105,42.941848,82.016038,19.0,85.0,105.0,0.3,87.0,103.0,3.0,14:42:25
,25.555105,42.941848,82.016038,19.0,86.0,106.0,0.3,87.0,103.0,3.0,14:42:26
,25.555105,42.941848,82.016038,19.0,86.0,106.0,0.3,87.0,103.0,3.0,14:42:26
,24.767679,42.941848,82.413002,19.0,86.0,104.0,0.3,87.0,103.0,3.0,14:42:27
,24.767679,43.792914,83.249994,19.0,86.0,104.0,0.3,86.0,104.0,4.0,14:42:27
,24.767679,43.792914,83.249994,19.0,86.0,104.0,0.3,86.0,104.0,4.0,14:42:28
,24.767679,43.792914,83.249994,19.0,86.0,104.0,0.3,86.0,104.0,4.0,14:42:28
,24.767679,43.792914,83.249994,19.0,86.0,104.0,0.3,86.0,104.0,4.0,14:42:29
,24.767679,43.792914,83.249994,19.0,86.0,104.0,0.3,86.0,105.0,4.0,14:42:29
,24.767679,43.792914,83.249994,19.0,86.0,104.0,0.3,86.0,105.0,4.0,14:42:30
,25.412838,43.792914,82.937258,19.0,86.0,104.0,0.3,86.0,105.0,4.0,14:42:30
,25.412838,43.792914,82.937258,19.0,85.0,104.0,0.3,86.0,105.0,4.0,14:42:31
,25.412838,42.679303,81.815065,19.0,85.0,104.0,0.3,86.0,105.0,4.0,14:42:31
,25.412838,42.679303,81.815065,19.0,85.0,104.0,0.3,86.0,105.0,4.0,14:42:32
,25.412838,42.679303,81.815065,19.0,85.0,104.0,0.3,86.0,105.0,4.0,14:42:32
,25.412838,42.679303,81.815065,19.0,85.0,103.0,0.3,86.0,105.0,4.0,14:42:33
6.0,25.412838,42.679303,81.815065,19.0,85.0,103.0,0.3,86.0,104.0,3.0,14:42:33
6.0,25.412838,42.679303,81.815065,19.0,85.0,103.0,0.3,86.0,104.0,3.0,14:42:34
6.0,24.969215,42.679303,82.041375,18.0,85.0,103.0,0.3,86.0,104.0,3.0,14:42:34
6.0,24.969215,43.435539,82.804673,18.0,85.0,103.0,0.3,86.0,104.0,3.0,14:42:35
6.0,24.969215,43.435539,82.804673,18.0,85.0,103.0,0.3,86.0,104.0,4.0,14:42:35
6.0,24.969215,43.435539,82.804673,18.0,85.0,103.0,0.3,86.0,104.0,4.0,14:42:36
6.0,24.969215,43.435539,82.804673,18.0,85.0,103.0,0.3,86.0,104.0,4.0,14:42:36
,24.969215,43.435539,82.804673,18.0,85.0,104.0,0.3,86.0,104.0,4.0,14:42:37
,24.969215,43.435539,82.804673,18.0,85.0,104.0,0.3,86.0,105.0,4.0,14:42:37
,25.374895,43.435539,82.604939,18.0,85.0,104.0,0.3,86.0,105.0,4.0,14:42:38
,25.374895,42.716596,81.873284,18.0,85.0,104.0,0.3,86.0,105.0,4.0,14:42:38
,25.374895,42.716596,81.873284,18.0,85.0,104.0,0.3,86.0,105.0,4.0,14:42:39
,25.374895,42.716596,81.873284,18.0,85.0,104.0,0.3,86.0,104.0,4.0,14:42:39
,25.374895,42.716596,81.873284,18.0,85.0,104.0,0.3,86.0,104.0,4.0,14:42:40
,25.374895,42.716596,81.873284,18.0,85.0,104.0,0.3,86.0,104.0,4.0,14:42:40
,25.374895,42.716596,81.873284,18.0,86.0,106.0,0.3,86.0,104.0,4.0,14:42:41
,24.946209,42.716596,82.091714,18.0,86.0,106.0,0.3,85.0,105.0,4.0,14:42:41
,24.946209,43.043649,82.425629,18.0,86.0,106.0,0.3,85.0,105.0,4.0,14:42:42
,24.946209,43.043649,82.425629,18.0,86.0,106.0,0.3,85.0,105.0,4.0,14:42:42
,24.946209,43.043649,82.425629,18.0,86.0,106.0,0.3,85.0,105.0,4.0,14:42:43
,24.946209,43.043649,82.425629,18.0,86.0,106.0,0.3,85.0,104.0,4.0,14:42:43
,24.946209,43.043649,82.425629,18.0,86.0,106.0,0.3,85.0,104.0,4.0,14:42:44
,24.946209,43.043649,82.425629,18.0,86.0,106.0,0.3,85.0,104.0,4.0,14:42:44
,25.201242,43.043649,82.297473,17.0,86.0,106.0,0.3,85.0,104.0,4.0,14:42:45
,25.201242,42.817999,82.066508,17.0,86.0,106.0,0.3,85.0,105.0,4.0,14:42:45
,25.201242,42.817999,82.066508,17.0,85.0,105.0,0.3,85.0,105.0,4.0,14:42:46
,25.201242,42.817999,82.066508,17.0,85.0,105.0,0.3,85.0,105.0,4.0,14:42:46
,25.201242,42.817999,82.066508,17.0,85.0,105.0,0.3,85.0,105.0,4.0,14:42:47
,25.201242,42.817999,82.066508,17.0,85.0,105.0,0.3,85.0,104.0,3.0,14:42:47
,25.201242,42.817999,82.066508,17.0,85.0,105.0,0.3,85.0,104.0,3.0,14:42:48
,25.191689,42.817999,82.07135,17.0,85.0,105.0,0.3,85.0,104.0,3.0,14:42:48
,25.191689,42.817999,82.07135,17.0,85.0,104.0,0.3,85.0,104.0,3.0,14:42:49
,25.191689,42.504874,81.744984,17.0,85.0,104.0,0.3,85.0,104.0,4.0,14:42:49
,25.191689,42.504874,81.744984,17.0,85.0,104.0,0.3,85.0,104.0,4.0,14:42:50
,25.191689,42.504874,81.744984,17.0,85.0,104.0,0.3,85.0,104.0,4.0,14:42:50
,25.191689,42.504874,81.744984,17.0,85.0,104.0,0.3,85.0,104.0,4.0,14:42:51
,25.191689,42.504874,81.744984,17.0,85.0,104.0,0.3,85.0,104.0,4.0,14:42:51
,25.191689,42.504874,81.744984,17.0,85.0,104.0,0.3,85.0,104.0,4.0,14:42:52
,24.574291,43.477195,83.041059,17.0,85.0,104.0,0.3,85.0,104.0,4.0,14:42:52
,24.574291,43.477195,83.041059,17.0,85.0,104.0,0.3,85.0,104.0,4.0,14:42:53
,24.574291,43.477195,83.041059,17.0,85.0,104.0,0.3,84.0,105.0,4.0,14:42:53
,24.574291,43.477195,83.041059,17.0,86.0,105.0,0.3,84.0,105.0,4.0,14:42:54
,24.574291,43.477195,83.041059,17.0,86.0,105.0,0.3,84.0,105.0,4.0,14:42:54
,24.574291,43.477195,83.041059,17.0,86.0,105.0,0.3,84.0,105.0,4.0,14:42:55
,24.574291,43.477195,83.041059,17.0,86.0,105.0,0.3,84.0,106.0,3.0,14:42:55
,25.010208,43.477195,82.825375,17.0,86.0,107.0,0.3,84.0,106.0,3.0,14:42:56
,25.010208,42.884611,82.231725,17.0,86.0,107.0,0.3,84.0,106.0,3.0,14:42:56
,25.010208,42.884611,82.231725,17.0,86.0,107.0,0.3,84.0,106.0,3.0,14:42:57
,25.010208,42.884611,82.231725,17.0,86.0,107.0,0.3,84.0,105.0,3.0,14:42:57
,25.010208,42.884611,82.231725,17.0,86.0,107.0,0.3,84.0,105.0,3.0,14:42:58
,25.010208,42.884611,82.231725,17.0,86.0,107.0,0.3,84.0,105.0,3.0,14:42:58
,25.010208,42.884611,82.231725,17.0,85.0,107.0,0.3,84.0,105.0,3.0,14:42:59
,25.57925,42.884611,81.944789,17.0,85.0,107.0,0.3,84.0,106.0,4.0,14:42:59
,25.57925,41.99335,80.993181,17.0,84.0,106.0,0.3,84.0,106.0,4.0,14:43:00
,25.57925,41.99335,80.993181,17.0,84.0,106.0,0.3,84.0,106.0,4.0,14:43:00
,25.57925,41.99335,80.993181,17.0,84.0,106.0,0.3,84.0,106.0,4.0,14:43:01
,25.57925,41.99335,80.993181,17.0,84.0,106.0,0.3,84.0,107.0,3.0,14:43:01
,25.57925,41.99335,80.993181,17.0,84.0,109.0,0.3,84.0,107.0,3.0,14:43:02
,25.57925,41.99335,80.993181,17.0,84.0,109.0,0.3,84.0,107.0,3.0,14:43:02
,25.676968,41.99335,80.942126,17.0,84.0,109.0,0.3,84.0,107.0,3.0,14:43:03
,25.676968,41.99335,80.942126,17.0,84.0,109.0,0.3,84.0,108.0,3.0,14:43:03
,25.676968,41.678303,80.590989,17.0,84.0,109.0,0.3,84.0,108.0,3.0,14:43:04
,25.676968,41.678303,80.590989,17.0,84.0,109.0,0.3,84.0,108.0,3.0,14:43:04
,25.676968,41.678303,80.590989,17.0,85.0,110.0,0.3,84.0,108.0,3.0,14:43:05
,25.676968,41.678303,80.590989,17.0,85.0,110.0,0.3,84.0,109.0,3.0,14:43:05
,25.676968,41.678303,80.590989,17.0,85.0,112.0,0.3,84.0,109.0,3.0,14:43:06
,24.697258,41.678303,81.114892,17.0,85.0,112.0,0.3,84.0,109.0,3.0,14:43:06
,24.697258,42.96519,82.472359,17.0,85.0,112.0,0.3,84.0,109.0,3.0,14:43:07
,24.697258,42.96519,82.472359,17.0,85.0,112.0,0.3,84.0,110.0,3.0,14:43:07
,24.697258,42.96519,82.472359,17.0,85.0,112.0,0.3,84.0,110.0,3.0,14:43:08
,24.697258,42.96519,82.472359,17.0,85.0,112.0,0.3,84.0,110.0,3.0,14:43:08
,24.697258,42.96519,82.472359,17.0,85.0,113.0,0.3,84.0,110.0,3.0,14:43:09
,24.697258,42.96519,82.472359,17.0,85.0,113.0,0.3,83.0,110.0,3.0,14:43:09
,25.259363,42.96519,82.188338,17.0,86.0,111.0,0.3,83.0,110.0,3.0,14:43:10
7.0,25.259363,41.905974,81.065245,17.0,86.0,111.0,0.3,83.0,110.0,3.0,14:43:10
7.0,25.259363,41.905974,81.065245,17.0,86.0,111.0,0.3,83.0,110.0,3.0,14:43:11
7.0,25.259363,41.905974,81.065245,17.0,86.0,111.0,0.3,83.0,110.0,3.0,14:43:11
7.0,25.259363,41.905974,81.065245,17.0,86.0,111.0,0.3,83.0,110.0,3.0,14:43:12
7.0,25.259363,41.905974,81.065245,17.0,86.0,111.0,0.3,83.0,110.0,3.0,14:43:12
7.0,25.259363,41.905974,81.065245,17.0,86.0,111.0,0.3,83.0,110.0,3.0,14:43:13
7.0,25.259363,41.905974,81.065245,17.0,86.0,111.0,0.3,83.0,109.0,3.0,14:43:13
7.0,25.259363,41.905974,81.065245,17.0,86.0,111.0,0.3,83.0,109.0,3.0,14:43:14
7.0,25.527153,41.905974,80.924125,17.0,86.0,111.0,0.3,83.0,109.0,3.0,14:43:14
7.0,25.527153,41.581303,80.561185,17.0,85.0,110.0,0.3,83.0,109.0,3.0,14:43:15
7.0,25.527153,41.581303,80.561185,17.0,85.0,110.0,0.3,84.0,109.0,3.0,14:43:15
7.0,25.527153,41.581303,80.561185,17.0,85.0,109.0,0.3,84.0,109.0,3.0,14:43:16
7.0,25.527153,41.581303,80.561185,17.0,85.0,109.0,0.3,84.0,109.0,3.0,14:43:16
,25.527153,41.581303,80.561185,17.0,85.0,109.0,0.3,84.0,109.0,3.0,14:43:17
,25.527153,41.581303,80.561185,17.0,85.0,109.0,0.3,84.0,110.0,4.0,14:43:17
,25.141308,41.581303,80.767854,17.0,85.0,109.0,0.3,84.0,110.0,4.0,14:43:18
,25.141308,42.002318,81.232944,17.0,85.0,109.0,0.3,84.0,110.0,4.0,14:43:18
,25.141308,42.002318,81.232944,17.0,84.0,109.0,0.3,84.0,110.0,4.0,14:43:19
,25.141308,42.002318,81.232944,17.0,84.0,109.0,0.3,84.0,108.0,3.0,14:43:19
,25.141308,42.002318,81.232944,17.0,84.0,109.0,0.3,84.0,108.0,3.0,14:43:20
,25.141308,42.002318,81.232944,17.0,84.0,109.0,0.3,84.0,108.0,3.0,14:43:20
,25.141308,42.002318,81.232944,17.0,84.0,111.0,0.3,84.0,108.0,3.0,14:43:21
,25.141308,42.002318,81.232944,17.0,84.0,111.0,0.3,84.0,108.0,3.0,14:43:21
,25.023209,42.002318,81.295272,16.0,83.0,111.0,0.3,84.0,108.0,3.0,14:43:22
,25.023209,42.16888,81.475131,16.0,83.0,111.0,0.3,84.0,108.0,3.0,14:43:22
,25.023209,42.16888,81.475131,16.0,83.0,110.0,0.3,84.0,109.0,3.0,14:43:23
,25.023209,42.16888,81.475131,16.0,83.0,110.0,0.3,84.0,108.0,4.0,14:43:23
,25.023209,42.16888,81.475131,16.0,83.0,110.0,0.3,84.0,108.0,4.0,14:43:24
,25.023209,42.16888,81.475131,16.0,83.0,110.0,0.3,84.0,108.0,4.0,14:43:24
,25.023209,42.16888,81.475131,16.0,83.0,110.0,0.3,84.0,108.0,4.0,14:43:25
,25.229519,42.16888,81.367189,16.0,83.0,110.0,0.3,84.0,108.0,4.0,14:43:25
,25.229519,42.220957,81.423269,16.0,82.0,110.0,0.3,84.0,108.0,4.0,14:43:26
,25.229519,42.220957,81.423269,16.0,82.0,110.0,0.3,84.0,108.0,4.0,14:43:26
,25.229519,42.220957,81.423269,16.0,82.0,109.0,0.3,84.0,108.0,4.0,14:43:27
,25.229519,42.220957,81.423269,16.0,82.0,109.0,0.3,83.0,108.0,3.0,14:43:27
,25.229519,42.220957,81.423269,16.0,82.0,109.0,0.3,83.0,108.0,3.0,14:43:28
,25.229519,42.220957,81.423269,16.0,82.0,109.0,0.3,83.0,108.0,3.0,14:43:28
,25.229519,42.220957,81.423269,16.0,83.0,109.0,0.3,83.0,108.0,3.0,14:43:29
,24.938057,42.220957,81.575513,16.0,83.0,109.0,0.3,83.0,109.0,3.0,14:43:29
,24.938057,42.862882,82.246134,16.0,83.0,108.0,0.3,83.0,109.0,3.0,14:43:30
,24.938057,42.862882,82.246134,16.0,83.0,108.0,0.3,83.0,109.0,3.0,14:43:30
,24.938057,42.862882,82.246134,16.0,83.0,108.0,0.3,83.0,109.0,3.0,14:43:31
,24.938057,42.862882,82.246134,16.0,83.0,108.0,0.3,83.0,109.0,3.0,14:43:31
,24.938057,42.862882,82.246134,16.0,84.0,109.0,0.3,83.0,109.0,3.0,14:43:32
,24.938057,42.862882,82.246134,16.0,84.0,109.0,0.3,83.0,109.0,3.0,14:43:32
,25.418352,42.862882,82.003175,16.0,85.0,109.0,0.3,83.0,109.0,3.0,14:43:33
,25.418352,42.862882,82.003175,16.0,85.0,109.0,0.3,84.0,107.0,3.0,14:43:33
,25.418352,41.8756,80.947838,16.0,85.0,109.0,0.3,84.0,107.0,3.0,14:43:34
,25.418352,41.8756,80.947838,16.0,85.0,109.0,0.3,84.0,107.0,3.0,14:43:34
,25.418352,41.8756,80.947838,16.0,86.0,109.0,0.3,84.0,107.0,3.0,14:43:35
,25.418352,41.8756,80.947838,16.0,86.0,109.0,0.3,84.0,106.0,3.0,14:43:35
,25.418352,41.8756,80.947838,16.0,86.0,107.0,0.3,84.0,106.0,3.0,14:43:36
,25.418352,41.8756,80.947838,16.0,86.0,107.0,0.3,84.0,106.0,3.0,14:43:36
,25.418352,41.8756,80.947838,16.0,86.0,107.0,0.3,84.0,106.0,3.0,14:43:37
,25.107649,41.8756,81.112218,16.0,86.0,107.0,0.3,84.0,107.0,4.0,14:43:37
,25.107649,42.427187,81.706346,16.0,85.0,106.0,0.3,84.0,107.0,4.0,14:43:38
,25.107649,42.427187,81.706346,16.0,85.0,106.0,0.3,84.0,107.0,4.0,14:43:38
,25.107649,42.427187,81.706346,16.0,85.0,106.0,0.3,84.0,107.0,4.0,14:43:39
,25.107649,42.427187,81.706346,16.0,85.0,106.0,0.3,84.0,107.0,4.0,14:43:39
,25.107649,42.427187,81.706346,16.0,85.0,106.0,0.3,84.0,107.0,4.0,14:43:40
,25.107649,42.427187,81.706346,16.0,85.0,106.0,0.3,84.0,107.0,4.0,14:43:40
,25.670418,42.427187,81.416902,16.0,85.0,106.0,0.3,84.0,107.0,4.0,14:43:41
,25.670418,41.756922,80.682773,16.0,85.0,106.0,0.3,84.0,108.0,3.0,14:43:41
,25.670418,41.756922,80.682773,16.0,85.0,106.0,0.3,84.0,108.0,3.0,14:43:42
,25.670418,41.756922,80.682773,16.0,85.0,106.0,0.3,84.0,108.0,3.0,14:43:42
,25.670418,41.756922,80.682773,16.0,85.0,106.0,0.3,84.0,108.0,3.0,14:43:43
,25.670418,41.756922,80.682773,16.0,85.0,106.0,0.3,84.0,107.0,4.0,14:43:43
,25.670418,41.756922,80.682773,16.0,85.0,108.0,0.3,84.0,107.0,4.0,14:43:44
,25.670418,41.756922,80.682773,16.0,85.0,108.0,0.3,84.0,107.0,4.0,14:43:44
,25.009251,41.756922,81.033993,16.0,85.0,108.0,0.3,84.0,107.0,4.0,14:43:45
,25.009251,42.354188,81.680096,16.0,85.0,108.0,0.3,83.0,106.0,4.0,14:43:45
,25.009251,42.354188,81.680096,16.0,85.0,108.0,0.3,83.0,106.0,4.0,14:43:46
,25.009251,42.354188,81.680096,16.0,85.0,108.0,0.3,83.0,106.0,4.0,14:43:46
,25.009251,42.354188,81.680096,16.0,85.0,107.0,0.3,83.0,106.0,4.0,14:43:47
,25.009251,42.354188,81.680096,16.0,85.0,107.0,0.3,83.0,107.0,4.0,14:43:47
,25.009251,42.354188,81.680096,16.0,85.0,107.0,0.3,83.0,107.0,4.0,14:43:48
,25.186941,42.354188,81.587886,16.0,85.0,107.0,0.3,83.0,107.0,4.0,14:43:48
,25.186941,42.32703,81.558958,16.0,85.0,107.0,0.3,83.0,107.0,4.0,14:43:49
,25.186941,42.32703,81.558958,16.0,85.0,107.0,0.3,83.0,107.0,5.0,14:43:49
,25.186941,42.32703,81.558958,16.0,85.0,106.0,0.3,83.0,107.0,5.0,14:43:50
,25.186941,42.32703,81.558958,16.0,85.0,106.0,0.3,83.0,107.0,5.0,14:43:50
,25.186941,42.32703,81.558958,16.0,85.0,106.0,0.3,83.0,107.0,5.0,14:43:51
,25.186941,42.32703,81.558958,16.0,85.0,106.0,0.3,83.0,107.0,5.0,14:43:51
,25.323521,42.32703,81.488202,16.0,85.0,108.0,0.3,83.0,107.0,5.0,14:43:52
,25.323521,42.040297,81.17853,16.0,85.0,108.0,0.3,83.0,107.0,5.0,14:43:52
,25.323521,42.040297,81.17853,16.0,84.0,107.0,0.3,83.0,107.0,5.0,14:43:53
,25.323521,42.040297,81.17853,16.0,84.0,107.0,0.3,83.0,105.0,4.0,14:43:53
,25.323521,42.040297,81.17853,16.0,84.0,107.0,0.3,83.0,105.0,4.0,14:43:54
,25.323521,42.040297,81.17853,16.0,84.0,107.0,0.3,83.0,105.0,4.0,14:43:54
,25.275785,42.040297,81.203573,17.0,81.0,109.0,0.3,83.0,105.0,4.0,14:43:55
,25.275785,42.286229,81.469261,17.0,81.0,109.0,0.3,84.0,105.0,4.0,14:43:55
,25.275785,42.286229,81.469261,17.0,79.0,108.0,0.3,84.0,105.0,4.0,14:43:56
,25.275785,42.286229,81.469261,17.0,79.0,108.0,0.3,84.0,105.0,4.0,14:43:56
,25.275785,42.286229,81.469261,17.0,78.0,105.0,0.3,84.0,105.0,4.0,14:43:57
,25.275785,42.286229,81.469261,17.0,78.0,105.0,0.3,83.0,106.0,3.0,14:43:57
,25.275785,42.286229,81.469261,17.0,77.0,105.0,0.3,83.0,106.0,3.0,14:43:58
,25.275785,42.286229,81.469261,17.0,77.0,105.0,0.3,83.0,106.0,3.0,14:43:58
,24.825703,42.286229,81.703787,17.0,77.0,105.0,0.3,83.0,106.0,3.0,14:43:59
,24.825703,42.286229,81.703787,17.0,77.0,105.0,0.3,82.0,106.0,4.0,14:43:59
,24.825703,42.461273,81.888272,17.0,77.0,104.0,0.3,82.0,106.0,4.0,14:44:00
,24.825703,42.461273,81.888272,17.0,77.0,104.0,0.3,82.0,106.0,4.0,14:44:00
,24.825703,42.461273,81.888272,17.0,77.0,104.0,0.3,82.0,106.0,4.0,14:44:01
,24.825703,42.461273,81.888272,17.0,77.0,104.0,0.3,82.0,105.0,4.0,14:44:01
,24.825703,42.461273,81.888272,17.0,79.0,105.0,0.3,82.0,105.0,4.0,14:44:02
8.0,25.128662,42.461273,81.731489,17.0,79.0,105.0,0.3,82.0,105.0,4.0,14:44:02
8.0,25.128662,41.948739,81.181179,17.0,79.0,105.0,0.3,82.0,105.0,4.0,14:44:03
8.0,25.128662,41.948739,81.181179,17.0,79.0,105.0,0.3,82.0,106.0,4.0,14:44:03
8.0,25.128662,41.948739,81.181179,17.0,79.0,105.0,0.3,82.0,106.0,4.0,14:44:04
8.0,25.128662,41.948739,81.181179,17.0,79.0,105.0,0.3,82.0,106.0,4.0,14:44:04
8.0,25.128662,41.948739,81.181179,17.0,79.0,105.0,0.3,82.0,106.0,4.0,14:44:05
,25.128662,41.948739,81.181179,17.0,79.0,105.0,0.3,82.0,109.0,4.0,14:44:05
,25.128662,41.948739,81.181179,17.0,78.0,105.0,0.3,82.0,109.0,4.0,14:44:06
,25.128662,41.948739,81.181179,17.0,78.0,105.0,0.3,82.0,109.0,4.0,14:44:06
,24.976519,41.948739,81.261723,17.0,78.0,105.0,0.3,82.0,109.0,4.0,14:44:07
,24.976519,42.305415,81.645377,17.0,78.0,105.0,0.3,83.0,108.0,4.0,14:44:07
,24.976519,42.305415,81.645377,17.0,78.0,107.0,0.3,83.0,108.0,4.0,14:44:08
,24.976519,42.305415,81.645377,17.0,78.0,107.0,0.3,83.0,108.0,4.0,14:44:08
,24.976519,42.305415,81.645377,17.0,79.0,107.0,0.3,83.0,108.0,4.0,14:44:09
,24.976519,42.305415,81.645377,17.0,79.0,107.0,0.3,83.0,108.0,3.0,14:44:09
,24.976519,42.305415,81.645377,17.0,81.0,107.0,0.3,83.0,108.0,3.0,14:44:10
,24.531603,42.305415,81.878317,16.0,81.0,107.0,0.3,83.0,108.0,3.0,14:44:10
,24.531603,43.048008,82.639628,16.0,81.0,107.0,0.3,83.0,108.0,3.0,14:44:11
,24.531603,43.048008,82.639628,16.0,81.0,107.0,0.3,83.0,108.0,3.0,14:44:11
,24.531603,43.048008,82.639628,16.0,81.0,109.0,0.3,83.0,108.0,3.0,14:44:12
,24.531603,43.048008,82.639628,16.0,81.0,109.0,0.3,83.0,108.0,3.0,14:44:12
,24.531603,43.048008,82.639628,16.0,82.0,109.0,0.3,83.0,108.0,3.0,14:44:13
,24.531603,43.048008,82.639628,16.0,82.0,109.0,0.3,83.0,108.0,4.0,14:44:13
,24.531603,43.048008,82.639628,16.0,82.0,108.0,0.3,83.0,108.0,4.0,14:44:14
,24.531603,43.048008,82.639628,16.0,82.0,108.0,0.3,83.0,108.0,4.0,14:44:14
,25.392166,43.048008,82.206374,16.0,82.0,109.0,0.3,83.0,108.0,4.0,14:44:15
,25.392166,41.834065,80.915711,16.0,82.0,109.0,0.3,83.0,106.0,4.0,14:44:15
,25.392166,41.834065,80.915711,16.0,82.0,108.0,0.3,83.0,106.0,4.0,14:44:16
,25.392166,41.834065,80.915711,16.0,82.0,108.0,0.3,83.0,106.0,4.0,14:44:16
,25.392166,41.834065,80.915711,16.0,82.0,108.0,0.3,83.0,106.0,4.0,14:44:17
,25.392166,41.834065,80.915711,16.0,82.0,108.0,0.3,82.0,107.0,3.0,14:44:17
,25.392166,41.834065,80.915711,16.0,82.0,106.0,0.3,82.0,107.0,3.0,14:44:18
,24.944214,41.834065,81.1536,16.0,82.0,106.0,0.3,82.0,107.0,3.0,14:44:18
,24.944214,42.558207,81.928331,16.0,82.0,106.0,0.3,82.0,107.0,3.0,14:44:19
,24.944214,42.558207,81.928331,16.0,82.0,106.0,0.3,83.0,108.0,4.0,14:44:19
,24.944214,42.558207,81.928331,16.0,82.0,106.0,0.3,83.0,108.0,4.0,14:44:20
,24.944214,42.558207,81.928331,16.0,82.0,106.0,0.3,83.0,108.0,4.0,14:44:20
,24.944214,42.558207,81.928331,16.0,82.0,107.0,0.3,83.0,108.0,4.0,14:44:21
,24.944214,42.558207,81.928331,16.0,82.0,107.0,0.3,83.0,108.0,4.0,14:44:21
,24.944214,42.558207,81.928331,16.0,82.0,107.0,0.3,83.0,108.0,4.0,14:44:22
,24.944214,42.558207,81.928331,16.0,82.0,107.0,0.3,83.0,108.0,4.0,14:44:22
,25.566557,42.558207,81.609412,15.0,80.0,107.0,0.3,83.0,108.0,4.0,14:44:23
,25.566557,41.36359,80.292061,15.0,80.0,107.0,0.3,83.0,107.0,3.0,14:44:23
,25.566557,41.36359,80.292061,15.0,80.0,108.0,0.3,83.0,107.0,3.0,14:44:24
,25.566557,41.36359,80.292061,15.0,80.0,108.0,0.3,83.0,107.0,3.0,14:44:24
,25.566557,41.36359,80.292061,15.0,79.0,108.0,0.3,83.0,107.0,3.0,14:44:25
,25.566557,41.36359,80.292061,15.0,79.0,108.0,0.3,83.0,106.0,3.0,14:44:25
,25.566557,41.36359,80.292061,15.0,79.0,108.0,0.3,83.0,106.0,3.0,14:44:26
,25.566557,41.36359,80.292061,15.0,79.0,108.0,0.3,83.0,106.0,3.0,14:44:26
,25.566557,41.36359,80.292061,15.0,79.0,107.0,0.3,83.0,106.0,3.0,14:44:27
,25.316601,41.36359,80.427019,15.0,79.0,107.0,0.3,83.0,106.0,4.0,14:44:27
,25.316601,41.656203,80.757819,15.0,79.0,107.0,0.3,83.0,106.0,4.0,14:44:28
,25.316601,41.656203,80.757819,15.0,79.0,107.0,0.3,83.0,106.0,4.0,14:44:28
,25.316601,41.656203,80.757819,15.0,79.0,107.0,0.3,83.0,106.0,4.0,14:44:29
,25.316601,41.656203,80.757819,15.0,79.0,107.0,0.3,83.0,105.0,3.0,14:44:29
,25.316601,41.656203,80.757819,15.0,80.0,106.0,0.3,83.0,105.0,3.0,14:44:30
,25.316601,41.656203,80.757819,15.0,80.0,106.0,0.3,83.0,105.0,3.0,14:44:30
,25.316601,41.656203,80.757819,15.0,81.0,105.0,0.3,83.0,105.0,3.0,14:44:31
,25.316601,41.656203,80.757819,15.0,81.0,105.0,0.3,83.0,105.0,3.0,14:44:31
,24.968487,41.656203,80.944323,14.0,82.0,104.0,0.3,83.0,105.0,3.0,14:44:32
,24.968487,42.171353,81.506484,14.0,82.0,104.0,0.3,83.0,105.0,3.0,14:44:32
,24.968487,42.171353,81.506484,14.0,82.0,104.0,0.3,83.0,105.0,3.0,14:44:33
,24.968487,42.171353,81.506484,14.0,82.0,104.0,0.3,83.0,106.0,3.0,14:44:33
9.0,24.968487,42.171353,81.506484,14.0,82.0,104.0,0.3,83.0,106.0,3.0,14:44:34
9.0,24.968487,42.171353,81.506484,14.0,82.0,104.0,0.3,83.0,106.0,3.0,14:44:34
9.0,24.968487,42.171353,81.506484,14.0,83.0,106.0,0.3,83.0,106.0,3.0,14:44:35
9.0,25.033932,42.171353,81.472165,15.0,83.0,106.0,0.3,83.0,106.0,4.0,14:44:35
,25.033932,42.41933,81.736197,15.0,83.0,106.0,0.3,83.0,106.0,4.0,14:44:36
,25.033932,42.41933,81.736197,15.0,83.0,106.0,0.3,83.0,106.0,4.0,14:44:36
,25.033932,42.41933,81.736197,15.0,83.0,107.0,0.3,83.0,106.0,4.0,14:44:37
,25.033932,42.41933,81.736197,15.0,83.0,107.0,0.3,83.0,105.0,3.0,14:44:37
,25.033932,42.41933,81.736197,15.0,83.0,107.0,0.3,83.0,105.0,3.0,14:44:38
,25.033932,42.41933,81.736197,15.0,83.0,107.0,0.3,83.0,105.0,3.0,14:44:38
,24.928614,42.41933,81.790804,15.0,83.0,105.0,0.3,83.0,105.0,3.0,14:44:39
,24.928614,42.41933,81.790804,15.0,83.0,105.0,0.3,83.0,105.0,3.0,14:44:39
,24.928614,42.03482,81.380479,15.0,82.0,105.0,0.3,83.0,105.0,3.0,14:44:40
,24.928614,42.03482,81.380479,15.0,82.0,105.0,0.3,83.0,105.0,3.0,14:44:40
,24.928614,42.03482,81.380479,15.0,82.0,105.0,0.3,83.0,105.0,3.0,14:44:41
,24.928614,42.03482,81.380479,15.0,82.0,105.0,0.3,82.0,106.0,4.0,14:44:41
,24.928614,42.03482,81.380479,15.0,82.0,105.0,0.3,82.0,106.0,4.0,14:44:42
,24.928614,42.03482,81.380479,15.0,82.0,105.0,0.3,82.0,106.0,4.0,14:44:42
,24.928614,42.03482,81.380479,15.0,82.0,104.0,0.3,82.0,106.0,4.0,14:44:43
,25.304281,42.03482,81.182649,15.0,82.0,104.0,0.3,82.0,107.0,4.0,14:44:43
,25.304281,40.507815,79.427847,15.0,82.0,105.0,0.3,82.0,107.0,4.0,14:44:44
,25.304281,40.507815,79.427847,15.0,82.0,105.0,0.3,82.0,107.0,4.0,14:44:44
,25.304281,40.507815,79.427847,15.0,82.0,105.0,0.3,82.0,107.0,4.0,14:44:45
,25.304281,40.507815,79.427847,15.0,82.0,105.0,0.3,82.0,105.0,3.0,14:44:45
,25.304281,40.507815,79.427847,15.0,82.0,106.0,0.3,82.0,105.0,3.0,14:44:46
,25.304281,40.507815,79.427847,15.0,82.0,106.0,0.3,82.0,105.0,3.0,14:44:46
,25.304281,40.507815,79.427847,15.0,82.0,107.0,0.3,82.0,105.0,3.0,14:44:47
,25.304281,40.507815,79.427847,15.0,82.0,107.0,0.3,83.0,107.0,4.0,14:44:47
,25.05669,40.507815,79.567632,15.0,81.0,107.0,0.3,83.0,107.0,4.0,14:44:48
,25.05669,38.484872,76.95781,15.0,81.0,107.0,0.3,83.0,107.0,4.0,14:44:48
,25.05669,38.484872,76.95781,15.0,81.0,107.0,0.3,83.0,107.0,4.0,14:44:49
,25.05669,38.484872,76.95781,15.0,81.0,107.0,0.3,82.0,107.0,4.0,14:44:49
,25.05669,38.484872,76.95781,15.0,81.0,108.0,0.3,82.0,107.0,4.0,14:44:50
,25.05669,38.484872,76.95781,15.0,81.0,108.0,0.3,82.0,107.0,4.0,14:44:50
,25.05669,38.484872,76.95781,15.0,81.0,108.0,0.3,82.0,107.0,4.0,14:44:51
,25.05669,38.484872,76.95781,15.0,81.0,108.0,0.3,82.0,107.0,4.0,14:44:51
,25.05669,38.484872,76.95781,15.0,81.0,107.0,0.3,82.0,107.0,4.0,14:44:52
,25.77285,38.484872,76.517354,15.0,81.0,107.0,0.3,82.0,107.0,4.0,14:44:52
,25.77285,37.475894,75.056605,15.0,82.0,107.0,0.3,82.0,107.0,4.0,14:44:53
,25.77285,37.475894,75.056605,15.0,82.0,107.0,0.3,82.0,106.0,3.0,14:44:53
,25.77285,37.475894,75.056605,15.0,84.0,108.0,0.3,82.0,106.0,3.0,14:44:54
,25.77285,37.475894,75.056605,15.0,84.0,108.0,0.3,82.0,106.0,3.0,14:44:54
,25.77285,37.475894,75.056605,15.0,85.0,108.0,0.3,82.0,106.0,3.0,14:44:55
,25.77285,37.475894,75.056605,15.0,85.0,108.0,0.3,83.0,106.0,3.0,14:44:55
,25.77285,37.475894,75.056605,15.0,85.0,106.0,0.3,83.0,106.0,3.0,14:44:56
,25.77285,37.475894,75.056605,15.0,85.0,106.0,0.3,83.0,106.0,3.0,14:44:56
,24.926588,37.475894,75.600919,14.0,85.0,106.0,0.3,83.0,106.0,3.0,14:44:57
,24.926588,38.621352,77.225645,14.0,85.0,106.0,0.3,82.0,105.0,3.0,14:44:57
,24.926588,38.621352,77.225645,14.0,86.0,106.0,0.3,82.0,105.0,3.0,14:44:58
,24.926588,38.621352,77.225645,14.0,86.0,106.0,0.3,82.0,105.0,3.0,14:44:58
,24.926588,38.621352,77.225645,14.0,86.0,105.0,0.3,82.0,105.0,3.0,14:44:59
,24.926588,38.621352,77.225645,14.0,86.0,105.0,0.3,82.0,106.0,3.0,14:44:59
,24.926588,38.621352,77.225645,14.0,86.0,105.0,0.3,82.0,106.0,3.0,14:45:00
,25.203251,38.621352,77.055189,14.0,86.0,105.0,0.3,82.0,106.0,3.0,14:45:00
,25.203251,38.621352,77.055189,14.0,86.0,104.0,0.3,82.0,106.0,3.0,14:45:01
,25.203251,38.235527,76.518971,14.0,86.0,104.0,0.3,82.0,106.0,3.0,14:45:01
,25.203251,38.235527,76.518971,14.0,85.0,104.0,0.3,82.0,106.0,3.0,14:45:02
,25.203251,38.235527,76.518971,14.0,85.0,104.0,0.3,82.0,106.0,3.0,14:45:02
,25.203251,38.235527,76.518971,14.0,85.0,104.0,0.3,82.0,107.0,3.0,14:45:03
,25.203251,38.235527,76.518971,14.0,85.0,104.0,0.3,83.0,109.0,3.0,14:45:03
,25.203251,38.235527,76.518971,14.0,85.0,105.0,0.3,83.0,109.0,3.0,14:45:04
,25.203251,38.235527,76.518971,14.0,85.0,105.0,0.3,83.0,109.0,3.0,14:45:04
,25.069578,38.235527,76.602598,14.0,84.0,107.0,0.3,83.0,109.0,3.0,14:45:05
,25.069578,38.679545,77.21688,14.0,84.0,107.0,0.3,82.0,109.0,3.0,14:45:05
,25.069578,38.679545,77.21688,14.0,84.0,109.0,0.3,82.0,109.0,3.0,14:45:06
,25.069578,38.679545,77.21688,14.0,84.0,109.0,0.3,82.0,109.0,3.0,14:45:06
,25.069578,38.679545,77.21688,14.0,84.0,111.0,0.3,82.0,109.0,3.0,14:45:07
,25.069578,38.679545,77.21688,14.0,84.0,111.0,0.3,82.0,109.0,3.0,14:45:07
,25.069578,38.679545,77.21688,14.0,84.0,111.0,0.3,82.0,109.0,3.0,14:45:08
,25.215448,38.679545,77.127392,15.0,84.0,111.0,0.3,82.0,109.0,3.0,14:45:08
,25.215448,38.101582,76.321877,15.0,84.0,110.0,0.3,82.0,109.0,3.0,14:45:09
,25.215448,38.101582,76.321877,15.0,84.0,110.0,0.3,82.0,107.0,5.0,14:45:09
,25.215448,38.101582,76.321877,15.0,84.0,109.0,0.3,82.0,107.0,5.0,14:45:10
,25.215448,38.101582,76.321877,15.0,84.0,109.0,0.3,82.0,107.0,5.0,14:45:10
,25.215448,38.101582,76.321877,15.0,84.0,109.0,0.3,82.0,107.0,5.0,14:45:11
,25.215448,38.101582,76.321877,15.0,84.0,109.0,0.3,82.0,107.0,5.0,14:45:11
,25.106632,38.101582,76.390312,16.0,84.0,106.0,0.3,82.0,107.0,5.0,14:45:12
,25.106632,38.410324,76.82359,16.0,84.0,106.0,0.3,82.0,107.0,5.0,14:45:12
,25.106632,38.410324,76.82359,16.0,84.0,107.0,0.3,82.0,107.0,5.0,14:45:13
,25.106632,38.410324,76.82359,16.0,84.0,107.0,0.3,83.0,109.0,4.0,14:45:13
,25.106632,38.410324,76.82359,16.0,84.0,107.0,0.3,83.0,109.0,4.0,14:45:14
,25.106632,38.410324,76.82359,16.0,84.0,107.0,0.3,83.0,109.0,4.0,14:45:14
,25.106632,38.410324,76.82359,16.0,84.0,107.0,0.3,83.0,109.0,4.0,14:45:15
,25.106632,38.410324,76.82359,16.0,84.0,107.0,0.3,83.0,109.0,4.0,14:45:15
,24.977686,38.410324,76.903817,16.0,83.0,108.0,0.3,83.0,109.0,4.0,14:45:16
,24.977686,38.546442,77.091519,16.0,83.0,108.0,0.3,83.0,109.0,4.0,14:45:16
,24.977686,38.546442,77.091519,16.0,83.0,109.0,0.3,83.0,109.0,4.0,14:45:17
,24.977686,38.546442,77.091519,16.0,83.0,109.0,0.3,83.0,106.0,4.0,14:45:17
,24.977686,38.546442,77.091519,16.0,83.0,109.0,0.3,83.0,106.0,4.0,14:45:18
,24.977686,38.546442,77.091519,16.0,83.0,109.0,0.3,83.0,106.0,4.0,14:45:18
,24.977686,38.546442,77.091519,16.0,83.0,109.0,0.3,83.0,106.0,4.0,14:45:19
,24.977686,38.546442,77.091519,16.0,83.0,109.0,0.3,83.0,107.0,4.0,14:45:19
,25.685755,38.546442,76.656407,16.0,83.0,109.0,0.3,83.0,107.0,4.0,14:45:20
,25.685755,37.574962,75.259695,16.0,83.0,109.0,0.3,83.0,107.0,4.0,14:45:20
,25.685755,37.574962,75.259695,16.0,83.0,107.0,0.3,83.0,107.0,4.0,14:45:21
,25.685755,37.574962,75.259695,16.0,83.0,107.0,0.3,83.0,108.0,3.0,14:45:21
,25.685755,37.574962,75.259695,16.0,83.0,107.0,0.3,83.0,108.0,3.0,14:45:22
,25.685755,37.574962,75.259695,16.0,83.0,107.0,0.3,83.0,108.0,3.0,14:45:22
,25.685755,37.574962,75.259695,16.0,84.0,107.0,0.3,83.0,108.0,3.0,14:45:23
,25.685755,37.574962,75.259695,16.0,84.0,107.0,0.3,83.0,109.0,4.0,14:45:23
,25.233877,37.574962,75.548384,16.0,84.0,107.0,0.3,83.0,109.0,4.0,14:45:24
,25.233877,37.856215,75.958642,16.0,84.0,107.0,0.3,83.0,109.0,4.0,14:45:24
,25.233877,37.856215,75.958642,16.0,84.0,109.0,0.3,83.0,109.0,4.0,14:45:25
,25.233877,37.856215,75.958642,16.0,84.0,109.0,0.3,83.0,107.0,3.0,14:45:25
,25.233877,37.856215,75.958642,16.0,84.0,109.0,0.3,83.0,107.0,3.0,14:45:26
,25.233877,37.856215,75.958642,16.0,84.0,109.0,0.3,83.0,107.0,3.0,14:45:26
,25.233877,37.856215,75.958642,16.0,83.0,110.0,0.3,83.0,107.0,3.0,14:45:27
,25.233877,37.856215,75.958642,16.0,83.0,110.0,0.3,82.0,108.0,3.0,14:45:27
,25.17478,37.856215,75.996167,16.0,82.0,109.0,0.3,82.0,108.0,3.0,14:45:28
,25.17478,37.986037,76.182739,16.0,82.0,109.0,0.3,82.0,108.0,3.0,14:45:28
,25.17478,37.986037,76.182739,16.0,81.0,109.0,0.3,82.0,108.0,3.0,14:45:29
,25.17478,37.986037,76.182739,16.0,81.0,109.0,0.3,82.0,108.0,3.0,14:45:29
,25.17478,37.986037,76.182739,16.0,80.0,109.0,0.3,82.0,108.0,3.0,14:45:30
,25.17478,37.986037,76.182739,16.0,80.0,109.0,0.3,82.0,108.0,3.0,14:45:30
,25.669149,37.986037,75.872116,16.0,80.0,108.0,0.3,82.0,108.0,3.0,14:45:31
,25.669149,37.268217,74.810331,16.0,80.0,108.0,0.3,82.0,108.0,3.0,14:45:31
,25.669149,37.268217,74.810331,16.0,80.0,108.0,0.3,82.0,108.0,3.0,14:45:32
,25.669149,37.268217,74.810331,16.0,80.0,108.0,0.3,82.0,108.0,3.0,14:45:32
,25.669149,37.268217,74.810331,16.0,79.0,107.0,0.3,82.0,108.0,3.0,14:45:33
,25.669149,37.268217,74.810331,16.0,79.0,107.0,0.3,80.0,109.0,4.0,14:45:33
,24.90213,37.268217,75.308755,17.0,79.0,108.0,0.3,80.0,109.0,4.0,14:45:34
,24.90213,38.128189,76.556928,17.0,79.0,108.0,0.3,80.0,109.0,4.0,14:45:34
,24.90213,38.128189,76.556928,17.0,78.0,108.0,0.3,80.0,109.0,4.0,14:45:35
,24.90213,38.128189,76.556928,17.0,78.0,108.0,0.3,79.0,108.0,4.0,14:45:35
,24.90213,38.128189,76.556928,17.0,78.0,108.0,0.3,79.0,108.0,4.0,14:45:36
,24.90213,38.128189,76.556928,17.0,78.0,108.0,0.3,79.0,108.0,4.0,14:45:36
,24.90213,38.128189,76.556928,17.0,78.0,108.0,0.3,79.0,108.0,4.0,14:45:37
,25.079639,38.128189,76.444989,17.0,78.0,108.0,0.3,78.0,108.0,4.0,14:45:37
,25.079639,38.128189,76.444989,17.0,78.0,108.0,0.3,78.0,108.0,4.0,14:45:38
,25.079639,37.810399,75.990572,17.0,78.0,108.0,0.3,78.0,108.0,4.0,14:45:38
,25.079639,37.810399,75.990572,17.0,78.0,108.0,0.3,78.0,108.0,4.0,14:45:39
,25.079639,37.810399,75.990572,17.0,78.0,108.0,0.3,77.0,108.0,4.0,14:45:39
,25.079639,37.810399,75.990572,17.0,78.0,109.0,0.3,77.0,108.0,4.0,14:45:40
,25.079639,37.810399,75.990572,17.0,78.0,109.0,0.3,77.0,108.0,4.0,14:45:40
,25.079639,37.810399,75.990572,17.0,78.0,109.0,0.3,77.0,108.0,4.0,14:45:41
,24.867376,37.810399,76.126338,17.0,78.0,109.0,0.3,77.0,109.0,4.0,14:45:41
,24.867376,38.415833,76.980245,17.0,78.0,109.0,0.3,77.0,109.0,4.0,14:45:42
,24.867376,38.415833,76.980245,17.0,78.0,109.0,0.3,77.0,109.0,4.0,14:45:42
,24.867376,38.415833,76.980245,17.0,78.0,108.0,0.3,77.0,109.0,4.0,14:45:43
,24.867376,38.415833,76.980245,17.0,78.0,108.0,0.3,77.0,109.0,3.0,14:45:43
,24.867376,38.415833,76.980245,17.0,77.0,109.0,0.3,77.0,109.0,3.0,14:45:44
,24.892288,38.415833,76.964693,19.0,77.0,109.0,0.3,77.0,109.0,3.0,14:45:44
,24.892288,38.240695,76.721134,19.0,76.0,110.0,0.3,77.0,109.0,3.0,14:45:45
,24.892288,38.240695,76.721134,19.0,76.0,110.0,0.3,77.0,108.0,5.0,14:45:45
,24.892288,38.240695,76.721134,19.0,75.0,109.0,0.3,77.0,108.0,5.0,14:45:46
,24.892288,38.240695,76.721134,19.0,75.0,109.0,0.3,77.0,108.0,5.0,14:45:46
,24.892288,38.240695,76.721134,19.0,75.0,109.0,0.3,77.0,108.0,5.0,14:45:47
,24.47156,38.240695,76.98701,18.0,75.0,109.0,0.3,77.0,109.0,4.0,14:45:47
,24.47156,38.475276,77.309845,18.0,75.0,109.0,0.3,77.0,109.0,4.0,14:45:48
,24.47156,38.475276,77.309845,18.0,75.0,109.0,0.3,77.0,109.0,4.0,14:45:48
,24.47156,38.475276,77.309845,18.0,75.0,109.0,0.3,77.0,109.0,4.0,14:45:49
,24.47156,38.475276,77.309845,18.0,75.0,109.0,0.3,76.0,109.0,4.0,14:45:49
,24.47156,38.475276,77.309845,18.0,74.0,109.0,0.3,76.0,109.0,4.0,14:45:50
,24.772169,38.475276,77.121579,18.0,74.0,109.0,0.3,76.0,109.0,4.0,14:45:50
,24.772169,38.475276,77.121579,18.0,74.0,109.0,0.3,76.0,109.0,4.0,14:45:51
,24.772169,38.237636,76.792514,18.0,74.0,109.0,0.3,76.0,109.0,4.0,14:45:51
,24.772169,38.237636,76.792514,18.0,74.0,110.0,0.3,76.0,109.0,4.0,14:45:52
,24.772169,38.237636,76.792514,18.0,74.0,110.0,0.3,76.0,109.0,4.0,14:45:52
,24.772169,38.237636,76.792514,18.0,74.0,110.0,0.3,76.0,109.0,4.0,14:45:53
,24.772169,38.237636,76.792514,18.0,74.0,110.0,0.3,76.0,109.0,3.0,14:45:53
,24.772169,38.237636,76.792514,18.0,74.0,110.0,0.3,76.0,109.0,3.0,14:45:54
,25.090792,38.237636,76.592273,18.0,74.0,110.0,0.3,76.0,109.0,3.0,14:45:54
,25.090792,37.596126,75.671485,18.0,74.0,111.0,0.3,76.0,109.0,3.0,14:45:55
,25.090792,37.596126,75.671485,18.0,74.0,111.0,0.3,76.0,109.0,4.0,14:45:55
,25.090792,37.596126,75.671485,18.0,73.0,110.0,0.3,76.0,109.0,4.0,14:45:56
,25.090792,37.596126,75.671485,18.0,73.0,110.0,0.3,76.0,109.0,4.0,14:45:56
,25.090792,37.596126,75.671485,18.0,73.0,110.0,0.3,76.0,109.0,4.0,14:45:57
,25.002384,37.596126,75.728457,19.0,73.0,110.0,0.3,75.0,110.0,3.0,14:45:57
,25.002384,37.596126,75.728457,19.0,73.0,109.0,0.3,75.0,110.0,3.0,14:45:58
,25.002384,38.359526,76.817906,19.0,73.0,109.0,0.3,75.0,110.0,3.0,14:45:58
,25.002384,38.359526,76.817906,19.0,73.0,108.0,0.3,75.0,110.0,3.0,14:45:59
,25.002384,38.359526,76.817906,19.0,73.0,108.0,0.3,75.0,110.0,3.0,14:45:59
,25.514891,38.359526,76.499875,19.0,73.0,108.0,0.3,75.0,110.0,3.0,14:46:00
,25.514891,36.878212,74.313102,19.0,73.0,108.0,0.3,75.0,110.0,3.0,14:46:00
,25.514891,36.878212,74.313102,19.0,73.0,110.0,0.3,75.0,110.0,3.0,14:46:01
,25.514891,36.878212,74.313102,19.0,73.0,110.0,0.3,74.0,111.0,4.0,14:46:01
,25.514891,36.878212,74.313102,19.0,73.0,111.0,0.3,74.0,111.0,4.0,14:46:02
,25.514891,36.878212,74.313102,19.0,73.0,111.0,0.3,74.0,111.0,4.0,14:46:02
,25.514891,36.878212,74.313102,19.0,74.0,111.0,0.3,74.0,111.0,4.0,14:46:03
,24.577919,36.878212,74.93552,20.0,74.0,111.0,0.3,74.0,112.0,4.0,14:46:03
,24.577919,38.226935,76.900419,20.0,74.0,112.0,0.3,74.0,112.0,4.0,14:46:04
,24.577919,38.226935,76.900419,20.0,74.0,112.0,0.3,74.0,112.0,4.0,14:46:04
,24.577919,38.226935,76.900419,20.0,74.0,113.0,0.3,74.0,112.0,4.0,14:46:05
,24.577919,38.226935,76.900419,20.0,74.0,113.0,0.3,75.0,113.0,3.0,14:46:05
,24.577919,38.226935,76.900419,20.0,73.0,113.0,0.3,75.0,113.0,3.0,14:46:06
,25.097458,38.226935,76.573061,19.0,73.0,113.0,0.3,75.0,113.0,3.0,14:46:06
,25.097458,37.606911,75.683006,19.0,73.0,113.0,0.3,75.0,113.0,3.0,14:46:07
,25.097458,37.606911,75.683006,19.0,73.0,113.0,0.3,74.0,113.0,4.0,14:46:07
,25.097458,37.606911,75.683006,19.0,72.0,113.0,0.3,74.0,113.0,4.0,14:46:08
,25.097458,37.606911,75.683006,19.0,72.0,113.0,0.3,74.0,113.0,4.0,14:46:08
,25.097458,37.606911,75.683006,19.0,72.0,114.0,0.3,74.0,113.0,4.0,14:46:09
,25.097458,37.606911,75.683006,19.0,72.0,114.0,0.3,74.0,113.0,3.0,14:46:09
,25.097458,37.606911,75.683006,19.0,71.0,114.0,0.3,74.0,113.0,3.0,14:46:10
,25.228662,37.606911,75.598721,19.0,71.0,114.0,0.3,74.0,113.0,3.0,14:46:10
,25.228662,37.274882,75.105481,19.0,71.0,114.0,0.3,74.0,113.0,3.0,14:46:11
,25.228662,37.274882,75.105481,19.0,71.0,114.0,0.3,74.0,113.0,3.0,14:46:11
,25.228662,37.274882,75.105481,19.0,71.0,114.0,0.3,74.0,113.0,3.0,14:46:12
,25.228662,37.274882,75.105481,19.0,71.0,114.0,0.3,74.0,113.0,3.0,14:46:12
10.0,25.228662,37.274882,75.105481,19.0,71.0,115.0,0.3,74.0,113.0,3.0,14:46:13
10.0,25.228662,37.274882,75.105481,19.0,71.0,115.0,0.3,72.0,114.0,4.0,14:46:13
10.0,25.228662,37.274882,75.105481,19.0,71.0,114.0,0.3,72.0,114.0,4.0,14:46:14
10.0,25.141356,37.274882,75.162332,18.0,71.0,114.0,0.3,72.0,114.0,4.0,14:46:14
,25.141356,36.927116,74.634733,18.0,71.0,113.0,0.3,72.0,114.0,4.0,14:46:15
,25.141356,36.927116,74.634733,18.0,71.0,113.0,0.3,72.0,114.0,4.0,14:46:15
,25.141356,36.927116,74.634733,18.0,71.0,114.0,0.3,72.0,114.0,4.0,14:46:16
,25.141356,36.927116,74.634733,18.0,71.0,114.0,0.3,72.0,114.0,4.0,14:46:16
,24.834431,36.927116,74.838483,18.0,71.0,114.0,0.3,72.0,114.0,4.0,14:46:17
,24.834431,37.629403,75.885523,18.0,71.0,114.0,0.3,72.0,114.0,23.0,14:46:17
,24.834431,37.629403,75.885523,18.0,71.0,114.0,0.3,72.0,114.0,23.0,14:46:18
,24.834431,37.629403,75.885523,18.0,71.0,114.0,0.3,72.0,114.0,23.0,14:46:18
,24.834431,37.629403,75.885523,18.0,71.0,114.0,0.3,72.0,114.0,23.0,14:46:19
,25.414762,37.629403,75.512743,19.0,71.0,114.0,0.3,72.0,113.0,3.0,14:46:19
,25.414762,37.566779,75.420367,19.0,71.0,114.0,0.3,72.0,113.0,3.0,14:46:20
,25.414762,37.566779,75.420367,19.0,71.0,114.0,0.3,72.0,113.0,3.0,14:46:20
,25.414762,37.566779,75.420367,19.0,72.0,114.0,0.3,72.0,113.0,3.0,14:46:21
,25.414762,37.566779,75.420367,19.0,72.0,114.0,0.3,72.0,114.0,3.0,14:46:21
,25.414762,37.566779,75.420367,19.0,72.0,114.0,0.3,72.0,114.0,3.0,14:46:22
,25.414762,37.566779,75.420367,19.0,72.0,114.0,0.3,72.0,114.0,3.0,14:46:22
,25.414762,37.566779,75.420367,19.0,72.0,114.0,0.3,72.0,114.0,3.0,14:46:23
,25.414762,37.566779,75.420367,19.0,72.0,114.0,0.3,73.0,115.0,3.0,14:46:23
,25.290689,37.566779,75.499857,18.0,72.0,114.0,0.3,73.0,115.0,3.0,14:46:24
,25.290689,38.912701,77.397999,18.0,72.0,114.0,0.3,73.0,115.0,3.0,14:46:24
,25.290689,38.912701,77.397999,18.0,72.0,115.0,0.3,73.0,115.0,3.0,14:46:25
,25.290689,38.912701,77.397999,18.0,72.0,115.0,0.3,72.0,113.0,3.0,14:46:25
,25.290689,38.912701,77.397999,18.0,72.0,115.0,0.3,72.0,113.0,3.0,14:46:26
,25.290689,38.912701,77.397999,18.0,72.0,115.0,0.3,72.0,113.0,3.0,14:46:26
,25.290689,38.912701,77.397999,18.0,72.0,114.0,0.3,72.0,113.0,3.0,14:46:27
,25.127666,38.912701,77.496841,18.0,72.0,114.0,0.3,72.0,114.0,3.0,14:46:27
,25.127666,38.912701,77.496841,18.0,72.0,114.0,0.3,72.0,114.0,3.0,14:46:28
,25.127666,40.607082,79.646732,18.0,72.0,114.0,0.3,72.0,114.0,3.0,14:46:28
,25.127666,40.607082,79.646732,18.0,71.0,115.0,0.3,72.0,114.0,3.0,14:46:29
,25.127666,40.607082,79.646732,18.0,71.0,115.0,0.3,72.0,112.0,3.0,14:46:29
,25.127666,40.607082,79.646732,18.0,71.0,115.0,0.3,72.0,112.0,3.0,14:46:30
,25.127666,40.607082,79.646732,18.0,71.0,115.0,0.3,72.0,112.0,3.0,14:46:30
,25.373148,40.607082,79.508965,18.0,71.0,113.0,0.3,72.0,112.0,3.0,14:46:31
,25.373148,39.606347,78.262774,18.0,71.0,113.0,0.3,72.0,112.0,3.0,14:46:31
,25.373148,39.606347,78.262774,18.0,71.0,112.0,0.3,72.0,112.0,3.0,14:46:32
,25.373148,39.606347,78.262774,18.0,71.0,112.0,0.3,72.0,112.0,3.0,14:46:32
,25.373148,39.606347,78.262774,18.0,72.0,112.0,0.3,72.0,112.0,3.0,14:46:33
,25.373148,39.606347,78.262774,18.0,72.0,112.0,0.3,72.0,113.0,3.0,14:46:33
,25.198021,39.606347,78.365551,18.0,72.0,112.0,0.3,72.0,113.0,3.0,14:46:34
,25.198021,39.546432,78.288504,18.0,72.0,112.0,0.3,72.0,113.0,3.0,14:46:34
,25.198021,39.546432,78.288504,18.0,72.0,112.0,0.3,72.0,113.0,3.0,14:46:35
,25.198021,39.546432,78.288504,18.0,72.0,112.0,0.3,72.0,113.0,3.0,14:46:35
,25.198021,39.546432,78.288504,18.0,72.0,112.0,0.3,72.0,113.0,3.0,14:46:36
,25.198021,39.546432,78.288504,18.0,72.0,112.0,0.3,72.0,113.0,3.0,14:46:36
,25.198021,39.546432,78.288504,18.0,72.0,113.0,0.3,72.0,113.0,3.0,14:46:37
,25.198021,39.546432,78.288504,18.0,72.0,113.0,0.3,72.0,113.0,4.0,14:46:37
,26.096432,39.546432,77.763848,17.0,72.0,113.0,0.3,72.0,113.0,4.0,14:46:38
,26.096432,39.190618,77.29145,17.0,72.0,113.0,0.3,72.0,113.0,4.0,14:46:38
,26.096432,39.190618,77.29145,17.0,74.0,114.0,0.3,72.0,113.0,4.0,14:46:39
,26.096432,39.190618,77.29145,17.0,74.0,114.0,0.3,72.0,112.0,3.0,14:46:39
,26.096432,39.190618,77.29145,17.0,74.0,114.0,0.3,72.0,112.0,3.0,14:46:40
,26.096432,39.190618,77.29145,17.0,74.0,114.0,0.3,72.0,112.0,3.0,14:46:40
,26.096432,39.190618,77.29145,17.0,74.0,113.0,0.3,72.0,112.0,3.0,14:46:41
,27.308388,39.190618,76.588342,17.0,74.0,113.0,0.3,72.0,112.0,3.0,14:46:41
,27.308388,39.190618,76.588342,17.0,74.0,112.0,0.3,72.0,112.0,3.0,14:46:42
,27.308388,39.48613,76.990417,17.0,74.0,112.0,0.3,72.0,112.0,3.0,14:46:42
,27.308388,39.48613,76.990417,17.0,74.0,113.0,0.3,73.0,113.0,4.0,14:46:43
,27.308388,39.48613,76.990417,17.0,74.0,113.0,0.3,72.0,113.0,4.0,14:46:43
,27.308388,39.48613,76.990417,17.0,74.0,113.0,0.3,72.0,113.0,4.0,14:46:44
,27.308388,39.48613,76.990417,17.0,74.0,113.0,0.3,72.0,113.0,4.0,14:46:44
,27.308388,39.48613,76.990417,17.0,74.0,113.0,0.3,72.0,113.0,4.0,14:46:45
,27.308388,39.48613,76.990417,17.0,74.0,113.0,0.3,72.0,114.0,4.0,14:46:45
,27.308388,39.48613,76.990417,17.0,74.0,113.0,0.3,72.0,114.0,4.0,14:46:46
,28.505953,39.48613,76.321277,16.0,74.0,113.0,0.3,72.0,114.0,4.0,14:46:46
,28.505953,38.212524,74.495052,16.0,73.0,114.0,0.3,72.0,114.0,4.0,14:46:47
,28.505953,38.212524,74.495052,16.0,73.0,114.0,0.3,72.0,112.0,3.0,14:46:47
,28.505953,38.212524,74.495052,16.0,73.0,115.0,0.3,72.0,112.0,3.0,14:46:48
,28.505953,38.212524,74.495052,16.0,73.0,115.0,0.3,72.0,112.0,3.0,14:46:48
,28.505953,38.212524,74.495052,16.0,73.0,114.0,0.3,72.0,112.0,3.0,14:46:49
,28.505953,38.212524,74.495052,16.0,73.0,114.0,0.3,72.0,113.0,3.0,14:46:49
,28.505953,38.212524,74.495052,16.0,73.0,112.0,0.3,72.0,113.0,3.0,14:46:50
,28.505953,38.212524,74.495052,16.0,73.0,112.0,0.3,72.0,113.0,3.0,14:46:50
,28.796154,38.212524,74.32678,16.0,73.0,112.0,0.3,72.0,113.0,3.0,14:46:51
,28.796154,38.606167,74.90992,16.0,73.0,112.0,0.3,72.0,113.0,3.0,14:46:51
,28.796154,38.606167,74.90992,16.0,74.0,113.0,0.3,72.0,113.0,3.0,14:46:52
,28.796154,38.606167,74.90992,16.0,74.0,113.0,0.3,72.0,113.0,3.0,14:46:52
,28.796154,38.606167,74.90992,16.0,74.0,113.0,0.3,72.0,113.0,3.0,14:46:53
11.0,28.796154,38.606167,74.90992,16.0,74.0,113.0,0.3,71.0,112.0,3.0,14:46:53
11.0,28.796154,38.606167,74.90992,16.0,74.0,112.0,0.3,71.0,112.0,3.0,14:46:54
11.0,29.338987,38.606167,74.602789,15.0,74.0,112.0,0.3,71.0,112.0,3.0,14:46:54
11.0,29.338987,39.106311,75.329016,15.0,73.0,113.0,0.3,71.0,112.0,3.0,14:46:55
11.0,29.338987,39.106311,75.329016,15.0,73.0,113.0,0.3,71.0,112.0,3.0,14:46:55
11.0,29.338987,39.106311,75.329016,15.0,73.0,114.0,0.3,71.0,112.0,3.0,14:46:56
,29.338987,39.106311,75.329016,15.0,73.0,114.0,0.3,71.0,112.0,3.0,14:46:56
,29.338987,39.106311,75.329016,15.0,73.0,114.0,0.3,71.0,112.0,3.0,14:46:57
,29.128475,39.106311,75.445335,16.0,73.0,114.0,0.3,71.0,114.0,4.0,14:46:57
,29.128475,39.106311,75.445335,16.0,71.0,113.0,0.3,71.0,114.0,4.0,14:46:58
,29.128475,39.841728,76.468482,16.0,71.0,113.0,0.3,71.0,114.0,4.0,14:46:58
,29.128475,39.841728,76.468482,16.0,69.0,112.0,0.3,71.0,114.0,4.0,14:46:59
,29.128475,39.841728,76.468482,16.0,69.0,112.0,0.3,71.0,114.0,4.0,14:46:59
,29.128475,39.841728,76.468482,16.0,67.0,113.0,0.3,71.0,114.0,4.0,14:47:00
,29.128475,39.841728,76.468482,16.0,67.0,113.0,0.3,71.0,114.0,4.0,14:47:00
,29.128475,39.841728,76.468482,16.0,67.0,114.0,0.3,71.0,114.0,4.0,14:47:01
,29.128475,39.841728,76.468482,15.0,67.0,114.0,0.3,71.0,114.0,4.0,14:47:01
,29.719542,39.841728,76.152824,15.0,67.0,114.0,0.3,71.0,114.0,4.0,14:47:02
,29.719542,38.420849,74.112951,15.0,67.0,114.0,0.3,71.0,114.0,4.0,14:47:02
,29.719542,38.420849,74.112951,15.0,67.0,114.0,0.3,71.0,114.0,4.0,14:47:03
,29.719542,38.420849,74.112951,15.0,67.0,114.0,0.3,72.0,114.0,3.0,14:47:03
,29.719542,38.420849,74.112951,15.0,68.0,115.0,0.3,72.0,114.0,3.0,14:47:04
,29.719542,38.420849,74.112951,15.0,68.0,115.0,0.3,72.0,114.0,3.0,14:47:04
,29.719542,38.420849,74.112951,17.0,69.0,116.0,0.3,72.0,114.0,3.0,14:47:05
,29.808245,38.420849,74.063117,17.0,69.0,116.0,0.3,73.0,114.0,4.0,14:47:05
,29.808245,38.840952,74.686295,17.0,71.0,114.0,0.3,73.0,114.0,4.0,14:47:06
,29.808245,38.840952,74.686295,17.0,71.0,114.0,0.3,73.0,114.0,4.0,14:47:06
,29.808245,38.840952,74.686295,17.0,72.0,115.0,0.3,73.0,114.0,4.0,14:47:07
,29.808245,38.840952,74.686295,17.0,72.0,115.0,0.3,74.0,114.0,3.0,14:47:07
,29.808245,38.840952,74.686295,17.0,72.0,114.0,0.3,74.0,114.0,3.0,14:47:08
,29.808245,38.840952,74.686295,17.0,72.0,114.0,0.3,74.0,114.0,3.0,14:47:08
,29.808245,38.840952,74.686295,17.0,73.0,114.0,0.3,74.0,114.0,3.0,14:47:09
,30.186346,38.840952,74.478366,16.0,73.0,114.0,0.3,74.0,115.0,3.0,14:47:09
,30.186346,38.840952,74.478366,16.0,73.0,113.0,0.3,74.0,115.0,3.0,14:47:10
,30.186346,38.682967,74.24464,16.0,73.0,113.0,0.3,74.0,115.0,3.0,14:47:10
,30.186346,38.682967,74.24464,16.0,73.0,114.0,0.3,74.0,115.0,3.0,14:47:11
,30.186346,38.682967,74.24464,16.0,73.0,114.0,0.3,74.0,115.0,3.0,14:47:11
,30.186346,38.682967,74.24464,16.0,74.0,115.0,0.3,74.0,115.0,3.0,14:47:12
,30.186346,38.682967,74.24464,16.0,74.0,115.0,0.3,74.0,115.0,3.0,14:47:12
,29.693142,38.682967,74.517891,16.0,74.0,116.0,0.3,74.0,115.0,3.0,14:47:13
,29.693142,38.682967,74.517891,16.0,74.0,116.0,0.3,74.0,112.0,4.0,14:47:13
,29.693142,39.705737,75.979565,16.0,74.0,116.0,0.3,74.0,112.0,4.0,14:47:14
,29.693142,39.705737,75.979565,16.0,74.0,116.0,0.3,74.0,112.0,4.0,14:47:14
,29.693142,39.705737,75.979565,16.0,74.0,115.0,0.3,74.0,112.0,4.0,14:47:15
,29.693142,39.705737,75.979565,16.0,74.0,115.0,0.3,74.0,112.0,3.0,14:47:15
,29.693142,39.705737,75.979565,16.0,74.0,114.0,0.3,74.0,112.0,3.0,14:47:16
,29.693142,39.705737,75.979565,16.0,74.0,114.0,0.3,74.0,112.0,3.0,14:47:16
,29.795544,39.705737,75.924913,16.0,75.0,114.0,0.3,74.0,112.0,3.0,14:47:17
,29.795544,39.182189,75.187377,16.0,75.0,114.0,0.3,74.0,111.0,4.0,14:47:17
,29.795544,39.182189,75.187377,16.0,76.0,114.0,0.3,74.0,111.0,4.0,14:47:18
,29.795544,39.182189,75.187377,16.0,76.0,114.0,0.3,74.0,111.0,4.0,14:47:18
,29.795544,39.182189,75.187377,16.0,76.0,113.0,0.3,74.0,111.0,4.0,14:47:19
,29.795544,39.182189,75.187377,16.0,76.0,113.0,0.3,74.0,113.0,4.0,14:47:19
,29.795544,39.182189,75.187377,16.0,76.0,113.0,0.3,74.0,113.0,4.0,14:47:20
,29.795544,39.182189,75.187377,16.0,76.0,113.0,0.3,74.0,113.0,4.0,14:47:20
,30.465504,39.182189,74.824897,16.0,77.0,111.0,0.3,74.0,113.0,4.0,14:47:21
,30.465504,38.411102,73.681892,16.0,77.0,111.0,0.3,73.0,111.0,4.0,14:47:21
,30.465504,38.411102,73.681892,16.0,77.0,113.0,0.3,73.0,111.0,4.0,14:47:22
,30.465504,38.411102,73.681892,16.0,77.0,113.0,0.3,73.0,111.0,4.0,14:47:22
,30.465504,38.411102,73.681892,16.0,77.0,113.0,0.3,73.0,111.0,4.0,14:47:23
,30.465504,38.411102,73.681892,16.0,77.0,113.0,0.3,73.0,112.0,4.0,14:47:23
,30.249197,38.411102,73.801985,16.0,77.0,113.0,0.3,73.0,112.0,4.0,14:47:24
,30.249197,38.411102,73.801985,16.0,77.0,113.0,0.3,73.0,112.0,4.0,14:47:24
,30.249197,39.830173,75.85704,16.0,77.0,112.0,0.3,73.0,112.0,4.0,14:47:25
,30.249197,39.830173,75.85704,16.0,77.0,112.0,0.3,73.0,111.0,4.0,14:47:25
,30.249197,39.830173,75.85704,16.0,77.0,112.0,0.3,73.0,111.0,4.0,14:47:26
,30.249197,39.830173,75.85704,16.0,77.0,112.0,0.3,73.0,111.0,4.0,14:47:26
,30.249197,39.830173,75.85704,16.0,77.0,113.0,0.3,73.0,111.0,4.0,14:47:27
,30.249197,39.830173,75.85704,16.0,77.0,113.0,0.3,74.0,111.0,4.0,14:47:27
,30.779173,39.830173,75.579794,17.0,76.0,112.0,0.3,74.0,111.0,4.0,14:47:28
,30.779173,38.979687,74.360629,17.0,76.0,112.0,0.3,74.0,111.0,4.0,14:47:28
,30.779173,38.979687,74.360629,17.0,74.0,111.0,0.3,74.0,111.0,4.0,14:47:29
,30.779173,38.979687,74.360629,17.0,74.0,111.0,0.3,74.0,111.0,4.0,14:47:29
,30.779173,38.979687,74.360629,17.0,73.0,111.0,0.3,74.0,111.0,4.0,14:47:30
,30.779173,38.979687,74.360629,17.0,73.0,111.0,0.3,74.0,111.0,4.0,14:47:30
12.0,30.779173,38.979687,74.360629,17.0,73.0,111.0,0.3,74.0,111.0,4.0,14:47:31
12.0,30.779173,38.979687,74.360629,17.0,73.0,111.0,0.3,74.0,111.0,4.0,14:47:31
12.0,31.022409,38.979687,74.229982,16.0,73.0,111.0,0.3,74.0,111.0,4.0,14:47:32
12.0,31.022409,39.418337,74.869144,16.0,73.0,111.0,0.3,74.0,111.0,4.0,14:47:32
12.0,31.022409,39.418337,74.869144,16.0,73.0,111.0,0.3,74.0,111.0,4.0,14:47:33
12.0,31.022409,39.418337,74.869144,16.0,73.0,111.0,0.3,74.0,111.0,3.0,14:47:33
,31.022409,39.418337,74.869144,16.0,74.0,112.0,0.3,74.0,111.0,3.0,14:47:34
,31.022409,39.418337,74.869144,16.0,74.0,112.0,0.3,74.0,111.0,3.0,14:47:34
,31.022409,39.418337,74.869144,16.0,75.0,113.0,0.3,74.0,111.0,3.0,14:47:35
,31.292448,39.418337,74.727298,16.0,75.0,113.0,0.3,74.0,112.0,4.0,14:47:35
,31.292448,38.904738,73.974285,16.0,77.0,112.0,0.3,74.0,112.0,4.0,14:47:36
,31.292448,38.904738,73.974285,16.0,77.0,112.0,0.3,74.0,112.0,4.0,14:47:36
,31.292448,38.904738,73.974285,16.0,77.0,112.0,0.3,74.0,112.0,4.0,14:47:37
,31.292448,38.904738,73.974285,16.0,77.0,112.0,0.3,74.0,113.0,4.0,14:47:37
,31.292448,38.904738,73.974285,16.0,77.0,113.0,0.3,74.0,113.0,4.0,14:47:38
,31.292448,38.904738,73.974285,16.0,77.0,113.0,0.3,74.0,113.0,4.0,14:47:38
,31.292448,38.904738,73.974285,16.0,77.0,113.0,0.3,74.0,113.0,4.0,14:47:39
,31.835199,38.904738,73.685717,16.0,77.0,113.0,0.3,74.0,113.0,4.0,14:47:39
,31.835199,38.904738,73.685717,16.0,77.0,112.0,0.3,74.0,113.0,4.0,14:47:40
,31.835199,38.703026,73.381121,16.0,77.0,112.0,0.3,74.0,113.0,4.0,14:47:40
,31.835199,38.703026,73.381121,16.0,76.0,112.0,0.3,74.0,113.0,4.0,14:47:41
,31.835199,38.703026,73.381121,16.0,76.0,112.0,0.3,73.0,113.0,4.0,14:47:41
,31.835199,38.703026,73.381121,16.0,76.0,113.0,0.3,73.0,113.0,4.0,14:47:42
,31.835199,38.703026,73.381121,16.0,76.0,113.0,0.3,73.0,113.0,4.0,14:47:42
,31.835199,38.703026,73.381121,16.0,75.0,113.0,0.3,73.0,113.0,4.0,14:47:43
,31.516344,38.703026,73.551584,16.0,75.0,113.0,0.3,73.0,114.0,4.0,14:47:43
,31.516344,39.349896,74.510974,16.0,74.0,113.0,0.3,73.0,114.0,4.0,14:47:44
,31.516344,39.349896,74.510974,16.0,74.0,113.0,0.3,73.0,114.0,4.0,14:47:44
,31.516344,39.349896,74.510974,16.0,73.0,113.0,0.3,73.0,114.0,4.0,14:47:45
,31.516344,39.349896,74.510974,16.0,73.0,113.0,0.3,72.0,112.0,3.0,14:47:45
,31.516344,39.349896,74.510974,16.0,71.0,114.0,0.3,72.0,112.0,3.0,14:47:46
,31.516344,39.349896,74.510974,16.0,71.0,114.0,0.3,72.0,112.0,3.0,14:47:46
,31.830059,39.349896,74.347381,16.0,70.0,112.0,0.3,72.0,112.0,3.0,14:47:47
,31.830059,39.281451,74.247237,16.0,70.0,112.0,0.3,71.0,113.0,3.0,14:47:47
,31.830059,39.281451,74.247237,16.0,70.0,112.0,0.3,71.0,113.0,3.0,14:47:48
,31.830059,39.281451,74.247237,16.0,70.0,112.0,0.3,71.0,113.0,3.0,14:47:48
,31.830059,39.281451,74.247237,16.0,70.0,112.0,0.3,71.0,113.0,3.0,14:47:49
,31.830059,39.281451,74.247237,16.0,70.0,112.0,0.3,72.0,115.0,3.0,14:47:49
,31.830059,39.281451,74.247237,16.0,70.0,114.0,0.3,72.0,115.0,3.0,14:47:50
,32.175724,39.281451,74.067648,17.0,70.0,114.0,0.3,72.0,115.0,3.0,14:47:50
,32.175724,39.452104,74.317732,17.0,70.0,114.0,0.3,72.0,115.0,3.0,14:47:51
,32.175724,39.452104,74.317732,17.0,70.0,114.0,0.3,72.0,115.0,3.0,14:47:51
,32.175724,39.452104,74.317732,17.0,70.0,114.0,0.3,72.0,115.0,3.0,14:47:52
,32.175724,39.452104,74.317732,17.0,70.0,114.0,0.3,72.0,115.0,3.0,14:47:52
,32.175724,39.452104,74.317732,17.0,71.0,115.0,0.3,72.0,115.0,3.0,14:47:53
,32.175724,39.452104,74.317732,17.0,71.0,115.0,0.3,71.0,114.0,3.0,14:47:53
,32.175724,39.452104,74.317732,17.0,71.0,115.0,0.3,71.0,114.0,3.0,14:47:54
,32.175724,39.452104,74.317732,16.0,71.0,115.0,0.3,71.0,114.0,3.0,14:47:54
,32.175724,39.452104,74.317732,16.0,72.0,115.0,0.3,71.0,114.0,3.0,14:47:55
,32.175724,39.452104,74.317732,16.0,72.0,115.0,0.3,70.0,113.0,4.0,14:47:55
,32.175724,39.452104,74.317732,16.0,72.0,116.0,0.3,70.0,113.0,4.0,14:47:56
,32.626823,38.568159,72.754636,16.0,72.0,116.0,0.3,70.0,113.0,4.0,14:47:56
,32.626823,38.568159,72.754636,18.0,72.0,115.0,0.3,70.0,113.0,4.0,14:47:57
,33.34536,38.568159,72.378393,17.0,72.0,115.0,0.3,70.0,114.0,3.0,14:47:57
,33.34536,39.75879,74.172531,17.0,72.0,114.0,0.3,70.0,114.0,3.0,14:47:58
,33.34536,39.75879,74.172531,17.0,72.0,114.0,0.3,70.0,114.0,3.0,14:47:58
,33.34536,39.75879,74.172531,17.0,72.0,113.0,0.3,70.0,114.0,3.0,14:47:59
,33.34536,39.75879,74.172531,17.0,72.0,113.0,0.3,71.0,115.0,3.0,14:47:59
,33.34536,39.75879,74.172531,17.0,72.0,113.0,0.3,71.0,115.0,3.0,14:48:00
,33.34536,39.75879,74.172531,17.0,72.0,113.0,0.3,71.0,115.0,3.0,14:48:00
,33.949982,39.75879,73.873497,18.0,74.0,113.0,0.3,71.0,115.0,3.0,14:48:01
,33.949982,39.903029,74.083832,18.0,74.0,113.0,0.3,71.0,113.0,3.0,14:48:01
,33.949982,39.903029,74.083832,18.0,74.0,114.0,0.3,71.0,113.0,3.0,14:48:02
,33.949982,39.903029,74.083832,18.0,74.0,114.0,0.3,71.0,113.0,3.0,14:48:02
,33.949982,39.903029,74.083832,18.0,74.0,115.0,0.3,71.0,113.0,3.0,14:48:03
,33.949982,39.903029,74.083832,18.0,74.0,115.0,0.3,71.0,113.0,4.0,14:48:03
,33.949982,39.903029,74.083832,18.0,74.0,114.0,0.3,71.0,113.0,4.0,14:48:04
13.0,34.411209,39.903029,73.859163,17.0,74.0,114.0,0.3,71.0,113.0,4.0,14:48:04
13.0,34.411209,38.931478,72.398245,17.0,74.0,114.0,0.3,71.0,113.0,4.0,14:48:05
13.0,34.411209,38.931478,72.398245,17.0,74.0,114.0,0.3,71.0,113.0,3.0,14:48:05
13.0,34.411209,38.931478,72.398245,17.0,74.0,114.0,0.3,71.0,113.0,3.0,14:48:06
13.0,34.411209,38.931478,72.398245,17.0,74.0,114.0,0.3,71.0,113.0,3.0,14:48:06
13.0,34.411209,38.931478,72.398245,17.0,70.0,115.0,0.3,71.0,113.0,3.0,14:48:07
13.0,34.960144,38.931478,72.123671,18.0,70.0,115.0,0.3,71.0,114.0,4.0,14:48:07
13.0,34.960144,38.931478,72.123671,18.0,70.0,114.0,0.3,71.0,114.0,4.0,14:48:08
13.0,34.960144,39.539562,73.053961,18.0,70.0,114.0,0.3,71.0,114.0,4.0,14:48:08
13.0,34.960144,39.539562,73.053961,18.0,70.0,113.0,0.3,71.0,114.0,4.0,14:48:09
,34.960144,39.539562,73.053961,18.0,70.0,113.0,0.3,71.0,115.0,3.0,14:48:09
,34.960144,39.539562,73.053961,18.0,70.0,113.0,0.3,71.0,115.0,3.0,14:48:10
,34.960144,39.539562,73.053961,19.0,70.0,113.0,0.3,71.0,115.0,3.0,14:48:10
,34.960144,39.539562,73.053961,18.0,70.0,115.0,0.3,71.0,115.0,3.0,14:48:11
,34.960144,39.539562,73.053961,18.0,70.0,115.0,0.3,71.0,115.0,3.0,14:48:11
,34.960144,39.539562,73.053961,18.0,70.0,115.0,0.3,71.0,115.0,3.0,14:48:12
,35.150291,39.979424,73.615358,18.0,70.0,115.0,0.3,71.0,115.0,3.0,14:48:12
,35.150291,39.979424,73.615358,19.0,72.0,115.0,0.3,71.0,115.0,3.0,14:48:13
,35.150291,39.979424,73.615358,18.0,72.0,115.0,0.3,72.0,116.0,4.0,14:48:13
,35.150291,39.979424,73.615358,19.0,73.0,115.0,0.3,72.0,116.0,4.0,14:48:14
,37.371349,41.247924,74.41569,19.0,73.0,115.0,0.3,72.0,116.0,4.0,14:48:14
,35.150291,39.979424,73.615358,18.0,74.0,115.0,0.3,72.0,116.0,4.0,14:48:15
,39.622349,39.979424,71.56222,17.0,74.0,115.0,0.3,71.0,115.0,4.0,14:48:15
,39.622349,39.979424,71.56222,17.0,74.0,116.0,0.3,71.0,115.0,4.0,14:48:16
,35.150291,39.979424,73.615358,18.0,74.0,116.0,0.3,71.0,115.0,4.0,14:48:16
,35.150291,39.979424,73.615358,16.0,73.0,116.0,0.3,71.0,115.0,4.0,14:48:17
,35.150291,39.979424,73.615358,16.0,73.0,116.0,0.3,72.0,116.0,4.0,14:48:17
,35.150291,39.979424,73.615358,16.0,73.0,116.0,0.3,72.0,116.0,4.0,14:48:18
,35.150291,39.979424,73.615358,16.0,73.0,116.0,0.3,72.0,116.0,4.0,14:48:18
,35.150291,39.979424,73.615358,16.0,73.0,116.0,0.3,72.0,116.0,4.0,14:48:19
,35.150291,39.979424,73.615358,16.0,73.0,116.0,0.3,71.0,117.0,4.0,14:48:19
,35.150291,39.979424,73.615358,16.0,73.0,116.0,0.3,71.0,117.0,4.0,14:48:20
,35.150291,39.979424,73.615358,16.0,73.0,116.0,0.3,71.0,117.0,4.0,14:48:20
,35.150291,39.979424,73.615358,16.0,73.0,117.0,0.3,71.0,117.0,4.0,14:48:21
,35.150291,39.979424,73.615358,16.0,73.0,117.0,0.3,71.0,117.0,4.0,14:48:21
,35.150291,39.979424,73.615358,16.0,73.0,118.0,0.3,71.0,117.0,4.0,14:48:22
,35.150291,39.979424,73.615358,16.0,73.0,118.0,0.3,71.0,117.0,4.0,14:48:22
,38.910217,39.979424,71.878674,17.0,73.0,118.0,0.3,71.0,116.0,4.0,14:48:23
,38.910217,39.979424,71.878674,17.0,73.0,118.0,0.3,71.0,117.0,4.0,14:48:23
,38.910217,95.171972,97.2946,17.0,73.0,117.0,0.3,71.0,117.0,4.0,14:48:24
,38.910217,95.171972,97.2946,17.0,73.0,117.0,0.3,71.0,117.0,4.0,14:48:24
,38.910217,95.171972,97.2946,17.0,73.0,117.0,0.3,71.0,117.0,4.0,14:48:25
,38.910217,95.171972,97.2946,17.0,73.0,117.0,0.3,72.0,113.0,4.0,14:48:25
,38.910217,95.171972,97.2946,17.0,73.0,115.0,0.3,72.0,113.0,4.0,14:48:26
,36.891354,95.171972,97.398276,17.0,73.0,115.0,0.3,72.0,113.0,4.0,14:48:26
,36.891354,150.827672,99.342183,17.0,73.0,113.0,0.3,72.0,113.0,4.0,14:48:27
,36.891354,150.827672,99.342183,17.0,73.0,113.0,0.3,71.0,111.0,5.0,14:48:27
,36.891354,150.827672,99.342183,17.0,73.0,113.0,0.3,71.0,111.0,5.0,14:48:28
,36.891354,150.827672,99.342183,17.0,73.0,113.0,0.3,71.0,111.0,5.0,14:48:28
,36.891354,150.827672,99.342183,17.0,73.0,112.0,0.3,71.0,111.0,5.0,14:48:29
,34.696152,150.827672,99.368381,17.0,73.0,112.0,0.3,71.0,109.0,3.0,14:48:29
,34.696152,222.325005,99.801879,17.0,73.0,110.0,0.3,71.0,109.0,3.0,14:48:30
,34.696152,222.325005,99.801879,17.0,73.0,110.0,0.3,71.0,109.0,3.0,14:48:30
,34.696152,222.325005,99.801879,17.0,74.0,107.0,0.3,71.0,109.0,3.0,14:48:31
,34.696152,222.325005,99.801879,17.0,74.0,107.0,0.3,71.0,109.0,3.0,14:48:31
,34.696152,222.325005,99.801879,20.0,74.0,107.0,0.3,71.0,109.0,3.0,14:48:32
,32.854309,222.325005,99.80809,20.0,74.0,107.0,0.3,71.0,109.0,3.0,14:48:32
,32.854309,283.581198,99.906868,20.0,74.0,107.0,0.3,71.0,109.0,3.0,14:48:33
,32.854309,283.581198,99.906868,20.0,74.0,107.0,0.3,72.0,104.0,4.0,14:48:33
,32.854309,283.581198,99.906868,20.0,74.0,107.0,0.3,72.0,104.0,4.0,14:48:34
,32.854309,283.581198,99.906868,20.0,74.0,107.0,0.3,72.0,104.0,4.0,14:48:34
,32.854309,283.581198,99.906868,20.0,74.0,106.0,0.3,72.0,104.0,4.0,14:48:35
,32.854309,283.581198,99.906868,20.0,74.0,106.0,0.3,71.0,101.0,3.0,14:48:35
,32.854309,283.581198,99.906868,20.0,74.0,104.0,0.3,71.0,101.0,3.0,14:48:36
,32.059635,283.581198,99.908068,19.0,74.0,104.0,0.3,71.0,101.0,3.0,14:48:36
,32.059635,335.605848,99.944159,19.0,74.0,102.0,0.3,71.0,101.0,3.0,14:48:37
,32.059635,335.605848,99.944159,19.0,74.0,102.0,0.3,71.0,97.0,4.0,14:48:37
,32.059635,335.605848,99.944159,19.0,74.0,102.0,0.3,71.0,97.0,4.0,14:48:38
,32.059635,335.605848,99.944159,19.0,74.0,102.0,0.3,71.0,97.0,4.0,14:48:38
,32.059635,335.605848,99.944159,19.0,74.0,97.0,0.3,71.0,97.0,4.0,14:48:39
,31.214787,335.605848,99.944886,18.0,74.0,97.0,0.3,71.0,94.0,3.0,14:48:39
,31.214787,380.039769,99.961804,18.0,74.0,97.0,0.3,71.0,94.0,3.0,14:48:40
,31.214787,380.039769,99.961804,18.0,74.0,97.0,0.3,71.0,94.0,3.0,14:48:40
,31.214787,380.039769,99.961804,18.0,74.0,93.0,0.3,71.0,94.0,3.0,14:48:41
,31.214787,380.039769,99.961804,18.0,74.0,93.0,0.3,71.0,94.0,3.0,14:48:41
,31.214787,380.039769,99.961804,18.0,74.0,92.0,0.3,71.0,94.0,3.0,14:48:42
,30.717154,380.039769,99.962086,19.0,74.0,92.0,0.3,71.0,94.0,3.0,14:48:42
,30.717154,416.342371,99.971011,19.0,73.0,91.0,0.3,71.0,94.0,3.0,14:48:43
,30.717154,416.342371,99.971011,19.0,73.0,91.0,0.3,71.0,95.0,4.0,14:48:43
,30.717154,416.342371,99.971011,19.0,73.0,91.0,0.3,71.0,95.0,4.0,14:48:44
,30.717154,416.342371,99.971011,19.0,73.0,91.0,0.3,71.0,95.0,4.0,14:48:44
,30.512051,416.342371,99.971096,20.0,73.0,91.0,0.3,71.0,95.0,4.0,14:48:45
,30.512051,416.342371,99.971096,20.0,73.0,91.0,0.3,70.0,92.0,4.0,14:48:45
,30.512051,434.548286,99.974511,20.0,73.0,91.0,0.3,70.0,92.0,4.0,14:48:46
,30.512051,434.548286,99.974511,20.0,73.0,91.0,0.3,70.0,92.0,4.0,14:48:46
,30.512051,434.548286,99.974511,20.0,74.0,90.0,0.3,70.0,92.0,4.0,14:48:47
,30.512051,434.548286,99.974511,20.0,74.0,90.0,0.3,70.0,93.0,3.0,14:48:47
,30.512051,434.548286,99.974511,20.0,74.0,92.0,0.3,70.0,93.0,3.0,14:48:48
,30.512051,434.548286,99.974511,19.0,74.0,92.0,0.3,70.0,93.0,3.0,14:48:48
,30.512051,434.548286,99.974511,19.0,74.0,95.0,0.3,70.0,93.0,3.0,14:48:49
,31.479609,442.770371,99.975556,19.0,74.0,95.0,0.3,72.0,96.0,3.0,14:48:49
,31.479609,442.770371,99.975556,19.0,74.0,97.0,0.3,72.0,96.0,3.0,14:48:50
,31.479609,442.770371,99.975556,19.0,74.0,97.0,0.3,72.0,96.0,3.0,14:48:50
,31.479609,442.770371,99.975556,19.0,74.0,97.0,0.3,72.0,96.0,3.0,14:48:51
,31.479609,442.770371,99.975556,19.0,74.0,97.0,0.3,72.0,96.0,3.0,14:48:51
,31.479609,442.770371,99.975556,19.0,74.0,98.0,0.3,72.0,96.0,3.0,14:48:52
,32.960979,442.770371,99.975075,19.0,74.0,98.0,0.3,72.0,96.0,3.0,14:48:52
,32.960979,447.622728,99.975866,19.0,74.0,96.0,0.3,72.0,96.0,3.0,14:48:53
,32.960979,447.622728,99.975866,19.0,74.0,96.0,0.3,83.0,96.0,4.0,14:48:53
,32.960979,447.622728,99.975866,19.0,75.0,96.0,0.3,83.0,96.0,4.0,14:48:54
,32.960979,447.622728,99.975866,19.0,75.0,96.0,0.3,83.0,96.0,4.0,14:48:54
,32.960979,447.622728,99.975866,20.0,75.0,97.0,0.3,83.0,96.0,4.0,14:48:55
,33.830215,447.622728,99.9756,20.0,75.0,97.0,0.3,90.0,98.0,3.0,14:48:55
,33.830215,450.595134,99.976074,20.0,75.0,97.0,0.3,90.0,98.0,3.0,14:48:56
,33.830215,450.595134,99.976074,20.0,75.0,97.0,0.3,90.0,98.0,3.0,14:48:56
,33.830215,450.595134,99.976074,20.0,75.0,97.0,0.3,90.0,98.0,3.0,14:48:57
,33.830215,450.595134,99.976074,20.0,75.0,97.0,0.3,96.0,100.0,3.0,14:48:57
,33.830215,426.312018,99.971806,20.0,75.0,99.0,0.3,96.0,100.0,3.0,14:48:58
,33.830215,426.312018,99.971806,19.0,75.0,99.0,0.3,96.0,100.0,3.0,14:48:58
,33.830215,426.312018,99.971806,19.0,75.0,98.0,0.3,96.0,100.0,3.0,14:48:59
,32.736401,426.312018,99.972204,19.0,75.0,98.0,0.3,97.0,99.0,5.0,14:48:59
,32.736401,426.312018,99.972204,19.0,75.0,101.0,0.3,97.0,99.0,5.0,14:49:00
,32.736401,426.312018,99.972204,19.0,75.0,101.0,0.3,97.0,99.0,5.0,14:49:00
,32.736401,426.312018,99.972204,19.0,75.0,103.0,0.3,97.0,99.0,5.0,14:49:01
,33.270817,426.312018,99.972008,19.0,75.0,103.0,0.3,99.0,95.0,4.0,14:49:01
,33.270817,462.244048,99.977968,19.0,76.0,99.0,0.3,99.0,95.0,4.0,14:49:02
,33.270817,462.244048,99.977968,19.0,76.0,99.0,0.3,99.0,95.0,4.0,14:49:02
,33.270817,462.244048,99.977968,19.0,76.0,99.0,0.3,99.0,95.0,4.0,14:49:03
,33.339676,462.244048,99.977949,20.0,76.0,99.0,0.3,100.0,96.0,4.0,14:49:03
,33.339676,462.244048,99.977949,20.0,76.0,103.0,0.3,100.0,96.0,4.0,14:49:04
,33.339676,465.683465,99.978427,20.0,76.0,103.0,0.3,100.0,96.0,4.0,14:49:04
,33.339676,465.683465,99.978427,20.0,77.0,103.0,0.3,100.0,96.0,4.0,14:49:05
,33.339676,465.683465,99.978427,20.0,77.0,103.0,0.3,100.0,95.0,4.0,14:49:05
,33.339676,465.683465,99.978427,20.0,78.0,97.0,0.3,100.0,95.0,4.0,14:49:06
,33.474644,465.683465,99.978392,22.0,78.0,97.0,0.3,100.0,95.0,4.0,14:49:06
,33.474644,465.683465,99.978392,22.0,79.0,97.0,0.3,100.0,95.0,4.0,14:49:07
,33.474644,469.842991,99.978953,22.0,79.0,97.0,0.3,100.0,96.0,4.0,14:49:07
,33.474644,469.842991,99.978953,22.0,80.0,101.0,0.3,100.0,96.0,4.0,14:49:08
,33.474644,469.842991,99.978953,22.0,80.0,101.0,0.3,100.0,96.0,4.0,14:49:08
,33.474644,460.995653,99.977735,22.0,80.0,101.0,0.3,100.0,96.0,4.0,14:49:09
,33.474644,460.995653,99.977735,21.0,80.0,101.0,0.3,100.0,97.0,4.0,14:49:09
,33.474644,460.995653,99.977735,21.0,80.0,95.0,0.3,100.0,97.0,4.0,14:49:10
,33.623932,460.995653,99.977694,21.0,80.0,95.0,0.3,100.0,97.0,4.0,14:49:10
,33.623932,460.995653,99.977694,21.0,81.0,97.0,0.3,100.0,97.0,4.0,14:49:11
,33.623932,460.995653,99.977694,21.0,81.0,97.0,0.3,100.0,97.0,4.0,14:49:11
,33.623932,460.995653,99.977694,21.0,82.0,99.0,0.3,100.0,97.0,4.0,14:49:12
,33.699333,465.5232,99.97831,22.0,82.0,99.0,0.3,100.0,97.0,4.0,14:49:12
,33.699333,465.5232,99.97831,22.0,84.0,99.0,0.3,100.0,97.0,4.0,14:49:13
,33.699333,465.5232,99.97831,22.0,84.0,99.0,0.3,100.0,97.0,4.0,14:49:13
,33.699333,465.5232,99.97831,22.0,84.0,99.0,0.3,100.0,97.0,4.0,14:49:14
,33.699333,461.983645,99.977814,22.0,84.0,99.0,0.3,100.0,97.0,4.0,14:49:14
,33.699333,461.983645,99.977814,22.0,86.0,99.0,0.3,100.0,97.0,4.0,14:49:15
,33.941357,461.983645,99.977749,22.0,86.0,99.0,0.3,100.0,99.0,4.0,14:49:15
,33.941357,461.983645,99.977749,22.0,88.0,99.0,0.3,100.0,99.0,4.0,14:49:16
,33.941357,461.983645,99.977749,22.0,88.0,99.0,0.3,100.0,99.0,4.0,14:49:16
,33.941357,461.983645,99.977749,22.0,91.0,99.0,0.3,100.0,99.0,4.0,14:49:17
,33.941357,461.983645,99.977749,22.0,91.0,99.0,0.3,100.0,98.0,4.0,14:49:17
,33.941357,461.983645,99.977749,22.0,97.0,101.0,0.3,100.0,98.0,4.0,14:49:18
,33.98148,461.983645,99.977738,21.0,97.0,101.0,0.3,100.0,98.0,4.0,14:49:18
,33.98148,480.908166,99.980234,21.0,99.0,100.0,0.3,100.0,98.0,4.0,14:49:19
,33.98148,480.908166,99.980234,21.0,99.0,100.0,0.3,100.0,97.0,4.0,14:49:19
,33.98148,480.908166,99.980234,21.0,99.0,100.0,0.3,100.0,97.0,4.0,14:49:20
,33.98148,480.908166,99.980234,21.0,99.0,100.0,0.3,100.0,97.0,4.0,14:49:20
,33.98148,480.908166,99.980234,21.0,100.0,100.0,0.3,100.0,97.0,4.0,14:49:21
,34.065773,483.948018,99.98058,20.0,100.0,100.0,0.3,100.0,97.0,5.0,14:49:21
,34.065773,483.948018,99.98058,20.0,100.0,99.0,0.3,100.0,97.0,5.0,14:49:22
,34.065773,483.948018,99.98058,20.0,100.0,99.0,0.3,100.0,97.0,5.0,14:49:22
,34.065773,483.948018,99.98058,20.0,100.0,97.0,0.3,100.0,97.0,5.0,14:49:23
,34.065773,483.948018,99.98058,20.0,100.0,97.0,0.3,100.0,95.0,4.0,14:49:23
,34.065773,483.948018,99.98058,20.0,100.0,97.0,0.3,100.0,95.0,4.0,14:49:24
,33.901974,488.097382,99.981102,21.0,100.0,97.0,0.3,100.0,95.0,4.0,14:49:24
,33.901974,488.097382,99.981102,21.0,100.0,95.0,0.3,100.0,95.0,4.0,14:49:25
,33.901974,488.097382,99.981102,21.0,100.0,95.0,0.3,100.0,95.0,4.0,14:49:25
,33.901974,488.097382,99.981102,21.0,100.0,95.0,0.3,100.0,95.0,4.0,14:49:26
,34.119999,488.097382,99.981053,21.0,100.0,95.0,0.3,100.0,95.0,4.0,14:49:26
,34.119999,488.097382,99.981053,21.0,100.0,96.0,0.3,100.0,95.0,4.0,14:49:27
,34.119999,492.722917,99.981575,21.0,100.0,96.0,0.3,100.0,95.0,4.0,14:49:27
,34.119999,492.722917,99.981575,21.0,100.0,95.0,0.3,100.0,95.0,4.0,14:49:28
,34.119999,492.722917,99.981575,21.0,100.0,95.0,0.3,100.0,95.0,4.0,14:49:28
,34.119999,489.607442,99.981226,21.0,100.0,95.0,0.3,100.0,95.0,4.0,14:49:29
,33.903606,489.607442,99.981273,22.0,100.0,95.0,0.3,100.0,96.0,4.0,14:49:29
,33.903606,489.607442,99.981273,22.0,100.0,95.0,0.3,100.0,96.0,4.0,14:49:30
,33.903606,489.607442,99.981273,22.0,100.0,95.0,0.3,100.0,96.0,4.0,14:49:30
,33.903606,489.607442,99.981273,22.0,100.0,95.0,0.3,100.0,96.0,4.0,14:49:31
,33.903606,489.607442,99.981273,22.0,100.0,95.0,0.3,100.0,96.0,4.0,14:49:31
,33.903606,480.139193,99.980159,22.0,100.0,95.0,0.3,100.0,96.0,4.0,14:49:32
,33.903606,480.139193,99.980159,22.0,100.0,95.0,0.3,100.0,96.0,4.0,14:49:32
,33.903606,480.139193,99.980159,21.0,100.0,97.0,0.3,100.0,96.0,4.0,14:49:33
,33.903606,480.139193,99.980159,21.0,100.0,97.0,0.3,100.0,96.0,4.0,14:49:33
,33.903606,480.139193,99.980159,21.0,100.0,95.0,0.3,100.0,96.0,4.0,14:49:34
,34.177307,480.139193,99.980094,21.0,100.0,95.0,0.3,100.0,96.0,4.0,14:49:34
,34.177307,480.139193,99.980094,21.0,100.0,97.0,0.3,100.0,96.0,4.0,14:49:35
,34.177307,480.139193,99.980094,21.0,100.0,97.0,0.3,100.0,95.0,4.0,14:49:35
,34.177307,480.139193,99.980094,21.0,100.0,96.0,0.3,100.0,95.0,4.0,14:49:36
,34.177307,480.139193,99.980094,21.0,100.0,96.0,0.3,100.0,95.0,4.0,14:49:36
,34.177307,480.139193,99.980094,20.0,100.0,95.0,0.3,100.0,95.0,4.0,14:49:37
,34.177307,480.139193,99.980094,20.0,100.0,95.0,0.3,100.0,95.0,4.0,14:49:37
,34.177307,480.139193,99.980094,20.0,100.0,95.0,0.3,100.0,95.0,4.0,14:49:38
,34.177307,480.139193,99.980094,20.0,100.0,95.0,0.3,100.0,95.0,4.0,14:49:38
,34.128731,480.139193,99.980106,21.0,100.0,96.0,0.3,100.0,95.0,4.0,14:49:39
,34.128731,480.139193,99.980106,21.0,100.0,96.0,0.3,100.0,94.0,4.0,14:49:39
,34.128731,480.139193,99.980106,21.0,100.0,96.0,0.3,100.0,94.0,4.0,14:49:40
,34.128731,416.500603,99.969675,21.0,100.0,96.0,0.3,100.0,94.0,4.0,14:49:40
,34.128731,416.500603,99.969675,21.0,100.0,95.0,0.3,100.0,94.0,4.0,14:49:41
,34.017544,416.500603,99.969718,21.0,100.0,95.0,0.3,100.0,95.0,4.0,14:49:41
,34.017544,416.500603,99.969718,21.0,100.0,94.0,0.3,100.0,95.0,4.0,14:49:42
,34.017544,416.500603,99.969718,21.0,100.0,94.0,0.3,100.0,95.0,4.0,14:49:42
,34.017544,401.747821,99.966299,21.0,100.0,94.0,0.4,100.0,95.0,4.0,14:49:43
,34.017544,401.747821,99.966299,21.0,100.0,94.0,0.4,100.0,95.0,4.0,14:49:43
,34.017544,401.747821,99.966299,22.0,100.0,94.0,0.4,100.0,95.0,4.0,14:49:44
,34.017544,401.747821,99.966299,22.0,100.0,94.0,0.4,100.0,95.0,4.0,14:49:44
,34.017544,401.747821,99.966299,22.0,100.0,95.0,0.4,100.0,95.0,4.0,14:49:45
,34.017544,401.747821,99.966299,22.0,100.0,95.0,0.4,100.0,96.0,4.0,14:49:45
,34.017544,401.747821,99.966299,23.0,100.0,94.0,0.4,100.0,96.0,4.0,14:49:46
,34.017544,401.747821,99.966299,23.0,100.0,94.0,0.4,100.0,96.0,4.0,14:49:46
,34.017544,401.747821,99.966299,23.0,100.0,95.0,0.4,100.0,96.0,4.0,14:49:47
,34.017544,401.747821,99.966299,23.0,100.0,95.0,0.4,100.0,94.0,4.0,14:49:47
,30.702868,401.747821,99.96781,27.0,100.0,95.0,0.4,100.0,94.0,4.0,14:49:48
,30.702868,401.747821,99.96781,27.0,100.0,95.0,0.4,100.0,94.0,4.0,14:49:48
,30.702868,355.986944,99.954048,27.0,100.0,95.0,0.4,100.0,94.0,4.0,14:49:49
,30.702868,355.986944,99.954048,27.0,100.0,95.0,0.4,100.0,95.0,4.0,14:49:49
,29.99498,355.986944,99.954556,27.0,100.0,94.0,0.4,100.0,95.0,4.0,14:49:50
,29.99498,355.986944,99.954556,27.0,100.0,94.0,0.4,100.0,95.0,4.0,14:49:50
,29.99498,323.535606,99.939804,27.0,100.0,94.0,0.4,100.0,95.0,4.0,14:49:51
,29.99498,323.535606,99.939804,27.0,100.0,94.0,0.4,100.0,95.0,4.0,14:49:51
,29.99498,323.535606,99.939804,27.0,100.0,94.0,0.4,100.0,95.0,4.0,14:49:52
,29.99498,323.535606,99.939804,27.0,100.0,94.0,0.4,100.0,95.0,4.0,14:49:52
,29.99498,323.535606,99.939804,27.0,100.0,95.0,0.4,100.0,95.0,4.0,14:49:53
,29.99498,323.535606,99.939804,27.0,100.0,95.0,0.4,100.0,94.0,5.0,14:49:53
,29.99498,323.535606,99.939804,27.0,100.0,95.0,0.4,100.0,94.0,5.0,14:49:54
,29.99498,323.535606,99.939804,27.0,100.0,95.0,0.4,100.0,94.0,5.0,14:49:54
,26.976181,323.535606,99.942909,22.0,100.0,95.0,0.4,100.0,94.0,5.0,14:49:55
,26.976181,340.87903,99.950975,22.0,100.0,95.0,0.4,100.0,95.0,4.0,14:49:55
,26.976181,340.87903,99.950975,22.0,100.0,94.0,0.4,100.0,95.0,4.0,14:49:56
,26.976181,340.87903,99.950975,22.0,100.0,94.0,0.4,100.0,95.0,4.0,14:49:56
,26.976181,340.87903,99.950975,22.0,100.0,95.0,0.4,100.0,95.0,4.0,14:49:57
,26.976181,340.87903,99.950975,22.0,100.0,95.0,0.4,100.0,95.0,4.0,14:49:57
,26.976181,340.87903,99.950975,22.0,100.0,95.0,0.4,100.0,95.0,4.0,14:49:58
,26.976181,340.87903,99.950975,22.0,100.0,95.0,0.4,100.0,95.0,4.0,14:49:58
,26.976181,340.87903,99.950975,22.0,100.0,97.0,0.4,100.0,95.0,4.0,14:49:59
,24.688513,340.87903,99.953046,20.0,100.0,97.0,0.4,100.0,99.0,4.0,14:49:59
,24.688513,382.991504,99.966476,20.0,100.0,97.0,0.4,100.0,99.0,4.0,14:50:00
,24.688513,382.991504,99.966476,20.0,100.0,97.0,0.4,100.0,99.0,4.0,14:50:00
,24.688513,382.991504,99.966476,24.0,100.0,97.0,0.4,100.0,99.0,4.0,14:50:01
,24.688513,382.991504,99.966476,24.0,100.0,97.0,0.4,100.0,99.0,4.0,14:50:01
,22.10458,417.976651,99.975186,24.0,100.0,97.0,0.4,100.0,99.0,4.0,14:50:02
,22.10458,417.976651,99.975186,24.0,100.0,97.0,0.4,100.0,99.0,4.0,14:50:02
,22.10458,417.976651,99.975186,24.0,100.0,97.0,0.4,100.0,99.0,4.0,14:50:03
,22.10458,417.976651,99.975186,24.0,100.0,97.0,0.4,100.0,98.0,4.0,14:50:03
,22.10458,417.976651,99.975186,24.0,100.0,97.0,0.4,100.0,98.0,4.0,14:50:04
,22.10458,417.976651,99.975186,24.0,100.0,97.0,0.4,100.0,98.0,4.0,14:50:04
,22.10458,417.976651,99.975186,24.0,100.0,98.0,0.4,100.0,98.0,4.0,14:50:05
,22.10458,417.976651,99.975186,24.0,100.0,98.0,0.4,100.0,97.0,4.0,14:50:05
,22.10458,417.976651,99.975186,19.0,100.0,98.0,0.4,100.0,97.0,4.0,14:50:06
,22.10458,417.976651,99.975186,19.0,100.0,98.0,0.4,100.0,97.0,4.0,14:50:06
,22.10458,417.976651,99.975186,24.0,100.0,98.0,0.4,100.0,97.0,4.0,14:50:07
,22.10458,417.976651,99.975186,24.0,100.0,98.0,0.4,100.0,97.0,4.0,14:50:07
,22.10458,417.976651,99.975186,24.0,100.0,98.0,0.4,100.0,97.0,4.0,14:50:08
,22.10458,417.976651,99.975186,22.0,100.0,98.0,0.4,100.0,97.0,4.0,14:50:08
,22.10458,417.976651,99.975186,40.0,100.0,99.0,0.4,100.0,97.0,4.0,14:50:09
,22.10458,417.976651,99.975186,24.0,100.0,99.0,0.4,100.0,97.0,4.0,14:50:09
,22.10458,417.976651,99.975186,20.0,100.0,99.0,0.4,100.0,97.0,4.0,14:50:10
,22.10458,417.976651,99.975186,15.0,100.0,99.0,0.4,100.0,97.0,4.0,14:50:10
,22.10458,417.976651,99.975186,15.0,100.0,99.0,0.4,100.0,97.0,4.0,14:50:11
,22.10458,417.976651,99.975186,15.0,100.0,99.0,0.4,100.0,97.0,4.0,14:50:11
,22.10458,417.976651,99.975186,19.0,100.0,99.0,0.4,100.0,97.0,4.0,14:50:12
,22.10458,417.976651,99.975186,19.0,100.0,99.0,0.4,100.0,97.0,4.0,14:50:12
,22.10458,417.976651,99.975186,19.0,100.0,99.0,0.4,100.0,97.0,4.0,14:50:13
,22.10458,417.976651,99.975186,19.0,100.0,99.0,0.4,100.0,94.0,8.0,14:50:13
,22.10458,417.976651,99.975186,15.0,100.0,97.0,0.4,100.0,94.0,8.0,14:50:14
,22.10458,417.976651,99.975186,18.0,100.0,97.0,0.4,100.0,94.0,8.0,14:50:14
,22.10458,417.976651,99.975186,15.0,100.0,96.0,,100.0,94.0,8.0,14:50:15
,22.10458,417.976651,99.975186,15.0,100.0,96.0,,100.0,93.0,10.0,14:50:15
,25.596004,300.422129,99.931016,17.0,,,,100.0,93.0,10.0,14:50:16
,25.596004,300.422129,99.931016,17.0,,,,100.0,93.0,10.0,14:50:16
,25.593132,300.64826,99.931171,17.0,,,,100.0,93.0,10.0,14:50:17
,25.599852,300.64826,99.931162,17.0,,,,100.0,92.0,7.0,14:50:17
,25.599852,300.759094,99.931236,17.0,,,,100.0,92.0,7.0,14:50:18
,25.599852,300.759094,99.931236,17.0,,,,100.0,92.0,7.0,14:50:18
,25.599852,300.759094,99.931236,17.0,,,,100.0,92.0,7.0,14:50:19
,,,,,,,,100.0,93.0,9.0,14:50:19
,,,,,,,,100.0,93.0,9.0,14:50:20
,,,,,,,,100.0,93.0,9.0,14:50:20
,,,,,,,,100.0,93.0,9.0,14:50:21
,,,,,,,,100.0,93.0,7.0,14:50:21
,,,,,78.0,,,100.0,93.0,7.0,14:50:22
,,,,,78.0,,,100.0,93.0,7.0,14:50:22
,,,,,78.0,,20.0,100.0,93.0,7.0,14:50:23
,,,,,78.0,,20.0,100.0,89.0,5.0,14:50:23
,,,,,78.0,,20.0,100.0,89.0,5.0,14:50:24
,,,,,78.0,,20.0,100.0,89.0,5.0,14:50:24
,,,,,78.0,,20.0,100.0,89.0,5.0,14:50:25
,,,,,78.0,,20.0,100.0,85.0,6.0,14:50:25
,,,,,79.0,,4.4,100.0,85.0,6.0,14:50:26
,,,,,79.0,,4.4,100.0,85.0,6.0,14:50:26
,,,,,79.0,,5.4,100.0,85.0,6.0,14:50:27
,,,,,79.0,,5.4,100.0,85.0,10.0,14:50:27
,,,,,79.0,78.0,5.4,100.0,85.0,10.0,14:50:28
,,,,,79.0,78.0,5.4,100.0,85.0,10.0,14:50:28
,,,,,79.0,78.0,1.3,100.0,85.0,10.0,14:50:29
,,,,,79.0,78.0,1.3,100.0,87.0,7.0,14:50:29
,,,,,79.0,78.0,0.3,100.0,87.0,7.0,14:50:30
,,,,,79.0,78.0,0.3,100.0,87.0,7.0,14:50:30
,,,,,80.0,78.0,0.4,100.0,87.0,7.0,14:50:31
,,,,,80.0,78.0,0.4,100.0,87.0,7.0,14:50:31
,,,,,80.0,81.0,0.5,100.0,87.0,7.0,14:50:32
,,,,,80.0,81.0,0.5,100.0,87.0,7.0,14:50:32
,,,,,82.0,81.0,0.5,100.0,87.0,7.0,14:50:33
,,,,,82.0,81.0,0.5,99.0,83.0,5.0,14:50:33
,,,,,84.0,84.0,0.5,99.0,83.0,5.0,14:50:34
,,,,,84.0,84.0,0.5,99.0,83.0,5.0,14:50:34
,,,,,85.0,84.0,0.5,99.0,83.0,5.0,14:50:35
,,,,,85.0,84.0,0.5,99.0,85.0,4.0,14:50:35
,,,,,86.0,84.0,1.2,99.0,85.0,4.0,14:50:36
,,,,,86.0,84.0,1.2,99.0,85.0,4.0,14:50:36
,,,,,86.0,84.0,1.6,99.0,85.0,4.0,14:50:37
,,,,,86.0,84.0,1.6,100.0,86.0,4.0,14:50:37
,,,,,86.0,84.0,1.7,100.0,86.0,4.0,14:50:38
,,,,,86.0,84.0,1.7,100.0,86.0,4.0,14:50:38
,,,,,87.0,84.0,1.7,100.0,86.0,4.0,14:50:39
,,,,,87.0,84.0,1.7,100.0,85.0,4.0,14:50:39
,,,,,87.0,84.0,1.7,100.0,85.0,4.0,14:50:40
,,,,,87.0,84.0,1.7,100.0,85.0,4.0,14:50:40
,,,,,87.0,84.0,1.7,100.0,85.0,4.0,14:50:41
,,,,,87.0,84.0,1.7,100.0,84.0,4.0,14:50:41
,,,,,87.0,84.0,1.7,100.0,84.0,4.0,14:50:42
,,,,,87.0,84.0,1.7,100.0,84.0,4.0,14:50:42
,,,,,87.0,84.0,2.7,100.0,84.0,4.0,14:50:43
,,,,,87.0,84.0,2.7,100.0,87.0,4.0,14:50:43
,,,,,87.0,84.0,2.7,100.0,87.0,4.0,14:50:44
,,,,,87.0,84.0,2.7,100.0,87.0,4.0,14:50:44
,,,,,87.0,84.0,3.1,100.0,87.0,4.0,14:50:45
,,,,,87.0,84.0,3.1,100.0,86.0,4.0,14:50:45
,,,,,88.0,84.0,3.1,100.0,86.0,4.0,14:50:46
,,,,,88.0,84.0,3.1,100.0,86.0,4.0,14:50:46
,,,,,,,,100.0,86.0,4.0,14:50:47
,,,,,,,,100.0,83.0,4.0,14:50:47
,,,,,,,,100.0,83.0,4.0,14:50:48
,,,,,,,,100.0,83.0,4.0,14:50:48
,,,,,,,,100.0,83.0,4.0,14:50:49
,,,,,,,,100.0,85.0,4.0,14:50:49
,,,,,,,,100.0,85.0,4.0,14:50:50
,,,,,,,,100.0,85.0,4.0,14:50:50
,,,,,,,,100.0,85.0,4.0,14:50:51
,,,,,,,,100.0,85.0,4.0,14:50:51
,,,,,,,,100.0,85.0,4.0,14:50:52
,,,,,,,,100.0,85.0,4.0,14:50:52
,,,,,,,,100.0,85.0,4.0,14:50:53
,,,,,,,,100.0,87.0,7.0,14:50:53
,,,,,,,,100.0,87.0,7.0,14:50:54
,,,,,,,,100.0,87.0,7.0,14:50:54
,,,,,,,,100.0,87.0,7.0,14:50:55
,,,,,,,,100.0,87.0,14.0,14:50:55
,,,,,,,,100.0,87.0,14.0,14:50:56
,,,,,,,,100.0,87.0,14.0,14:50:56
,,,,,,,,100.0,87.0,14.0,14:50:57
,,,,,,,,100.0,87.0,13.0,14:50:57
,,,,,,,,100.0,87.0,13.0,14:50:58
,,,,,,,,100.0,87.0,13.0,14:50:58
,,,,,,,,100.0,87.0,13.0,14:50:59
,,,,,,,,100.0,86.0,20.0,14:50:59
,,,,,,,,100.0,86.0,20.0,14:51:00
,,,,,,,,100.0,86.0,20.0,14:51:00
,,,,,,,,100.0,86.0,20.0,14:51:01
,,,,,,,,100.0,85.0,15.0,14:51:01
,,,,,,,,100.0,85.0,15.0,14:51:02
,,,,,,,,100.0,85.0,15.0,14:51:02
,,,,,,,,100.0,85.0,15.0,14:51:03
,,,,,,,,100.0,84.0,6.0,14:51:03
,,,,,,,,100.0,84.0,6.0,14:51:04
,,,,,,,,100.0,84.0,6.0,14:51:04
,,,,,,,,100.0,84.0,6.0,14:51:05
,,,,,,,,99.0,85.0,22.0,14:51:05
,,,,,,,,99.0,85.0,22.0,14:51:06
,,,,,,,,99.0,85.0,22.0,14:51:06
,,,,,,,,99.0,85.0,22.0,14:51:07
,,,,,,,,98.0,85.0,10.0,14:51:07
,,,,,,,,98.0,85.0,10.0,14:51:08
,,,,,,,,98.0,85.0,10.0,14:51:08
,,,,,,,,98.0,85.0,10.0,14:51:09
,,,,,,,,98.0,85.0,5.0,14:51:09
,,,,,,,,98.0,85.0,5.0,14:51:10
,,,,,,,,98.0,85.0,5.0,14:51:10
,,,,,,,,98.0,85.0,5.0,14:51:11
,,,,,,,,98.0,85.0,5.0,14:51:11
,,,,,,,,98.0,85.0,5.0,14:51:12
,,,,,,,,98.0,85.0,5.0,14:51:12
,,,,,,,,98.0,85.0,5.0,14:51:13
,,,,,,,,98.0,83.0,4.0,14:51:13
,,,,,,,,98.0,83.0,4.0,14:51:14
,,,,,,,,98.0,83.0,4.0,14:51:14
,,,,,,,,98.0,83.0,4.0,14:51:15
,,,,,,,,99.0,83.0,4.0,14:51:15
,,,,,,,,99.0,83.0,4.0,14:51:16
,,,,,,,,99.0,83.0,4.0,14:51:16
,,,,,,,,99.0,83.0,4.0,14:51:17
,,,,,,,,100.0,84.0,3.0,14:51:17
,,,,,,,,100.0,84.0,3.0,14:51:18
,,,,,,,,100.0,84.0,3.0,14:51:18
,,,,,,,,100.0,84.0,3.0,14:51:19
,,,,,,,,100.0,85.0,3.0,14:51:19
,,,,,,,,100.0,85.0,3.0,14:51:20
,,,,,,,,100.0,85.0,3.0,14:51:20
,,,,,,,,100.0,85.0,3.0,14:51:21
,,,,,,,,100.0,84.0,4.0,14:51:21
,,,,,,,,100.0,84.0,4.0,14:51:22
,,,,,,,,100.0,84.0,4.0,14:51:22
,,,,,,,,100.0,84.0,4.0,14:51:23
,,,,,,,,100.0,83.0,4.0,14:51:23
,,,,,,,,100.0,83.0,4.0,14:51:24
,,,,,,,,100.0,83.0,4.0,14:51:24
,,,,,,,,100.0,83.0,4.0,14:51:25
,,,,,,,,100.0,83.0,3.0,14:51:25
,,,,,,,,100.0,83.0,3.0,14:51:26
,,,,,,,,100.0,83.0,3.0,14:51:26
,,,,,,,,100.0,83.0,3.0,14:51:27
,,,,,,,,100.0,85.0,4.0,14:51:27
,,,,,,,,100.0,85.0,4.0,14:51:28
,,,,,,,,100.0,85.0,4.0,14:51:28
,,,,,,,,100.0,85.0,4.0,14:51:29
,,,,,,,,100.0,86.0,3.0,14:51:29
,,,,,,,,100.0,86.0,3.0,14:51:30
,,,,,,,,100.0,86.0,3.0,14:51:30
,,,,,,,,100.0,86.0,3.0,14:51:31
,,,,,,,,100.0,86.0,3.0,14:51:31
,,,,,,,,100.0,86.0,3.0,14:51:32
,,,,,,,,100.0,86.0,3.0,14:51:32
,,,,,,,,100.0,86.0,3.0,14:51:33
,,,,,,,,100.0,85.0,4.0,14:51:33
,,,,,,,,100.0,85.0,4.0,14:51:34
,,,,,,,,100.0,85.0,4.0,14:51:34
,,,,,,,,100.0,85.0,4.0,14:51:35
,,,,,,,,100.0,86.0,4.0,14:51:35
,,,,,,,,100.0,86.0,4.0,14:51:36
,,,,,,,,100.0,86.0,4.0,14:51:36
,,,,,,,,100.0,86.0,4.0,14:51:37
,,,,,,,,100.0,88.0,4.0,14:51:37
,,,,,,,,100.0,88.0,4.0,14:51:38
,,,,,,,,100.0,88.0,4.0,14:51:38
,,,,,,,,100.0,88.0,4.0,14:51:39
,,,,,,,,100.0,89.0,3.0,14:51:39
,,,,,,,,100.0,89.0,3.0,14:51:40
,,,,,,,,100.0,89.0,3.0,14:51:40
,,,,,,,,100.0,89.0,3.0,14:51:41
,,,,,,,,100.0,89.0,3.0,14:51:41
,,,,,,,,100.0,89.0,3.0,14:51:42
,,,,,,,,100.0,89.0,3.0,14:51:42
,,,,,,,,100.0,89.0,4.0,14:51:43
,,,,,,,,100.0,88.0,6.0,14:51:43
,,,,,,,,100.0,88.0,6.0,14:51:43
,,,,,,,,100.0,88.0,6.0,14:51:44
,,,,,,,,100.0,88.0,6.0,14:51:45
,,,,,,,,100.0,88.0,4.0,14:51:45
,,,,,,,,100.0,88.0,4.0,14:51:46
,,,,,,,,100.0,88.0,4.0,14:51:46
,,,,,,,,100.0,88.0,4.0,14:51:47
,,,,,,,,100.0,88.0,4.0,14:51:47
,,,,,,,,100.0,88.0,4.0,14:51:48
,,,,,,,,100.0,88.0,4.0,14:51:48
,,,,,,,,100.0,88.0,4.0,14:51:49
,,,,,,,,100.0,88.0,5.0,14:51:49
,,,,,,,,100.0,88.0,5.0,14:51:50
,,,,,,,,100.0,88.0,5.0,14:51:50
,,,,,,,,100.0,88.0,5.0,14:51:51
,,,,,,,,100.0,88.0,5.0,14:51:51
,,,,,,,,100.0,88.0,5.0,14:51:52
,,,,,,,,100.0,88.0,5.0,14:51:52
,,,,,,,,100.0,88.0,5.0,14:51:52
,,,,,,,,100.0,88.0,6.0,14:51:53
,,,,,,,,100.0,88.0,6.0,14:51:54
,,,,,,,,100.0,88.0,6.0,14:51:54
,,,,,,,,100.0,88.0,6.0,14:51:55
,,,,,,,,100.0,88.0,10.0,14:51:55
,,,,,,,,100.0,88.0,10.0,14:51:55
,,,,,,,,100.0,88.0,10.0,14:51:56
,,,,,,,,100.0,88.0,10.0,14:51:57
,,,,,,,,100.0,89.0,6.0,14:51:57
,,,,,,,,100.0,89.0,6.0,14:51:57
,,,,,,,,100.0,89.0,6.0,14:51:58
,,,,,,,,100.0,89.0,6.0,14:51:59
,,,,,,,,100.0,88.0,5.0,14:51:59
,,,,,,,,100.0,88.0,5.0,14:51:59
,,,,,,,,100.0,88.0,5.0,14:52:00
,,,,,,,,100.0,88.0,5.0,14:52:01
,,,,,,,,100.0,87.0,5.0,14:52:01
,,,,,85.0,,,100.0,87.0,5.0,14:52:01
,,,,,85.0,,,100.0,87.0,5.0,14:52:02
,,,,,85.0,,0.5,100.0,87.0,5.0,14:52:02
,,,,,85.0,,0.5,100.0,87.0,5.0,14:52:03
,,,,,85.0,,0.2,100.0,87.0,5.0,14:52:03
,,,,,85.0,,0.2,100.0,87.0,5.0,14:52:04
,,,,,,,,100.0,87.0,5.0,14:52:04
,,,,,,,,100.0,87.0,4.0,14:52:05
,,,,,,,,100.0,87.0,4.0,14:52:06
,,,,,,,,100.0,87.0,4.0,14:52:06
,,,,,,,,100.0,87.0,4.0,14:52:07
,,,,,,,,100.0,87.0,4.0,14:52:07
,,,,,,,,100.0,87.0,4.0,14:52:07
,,,,,,,,100.0,87.0,4.0,14:52:08
,,,,,,,,100.0,87.0,4.0,14:52:08
,,,,,,,,100.0,87.0,5.0,14:52:09
,,,,,,,,100.0,87.0,5.0,14:52:10
,,,,,,,,100.0,87.0,5.0,14:52:10
,,,,,97.0,,,100.0,87.0,5.0,14:52:10
,,,,,97.0,,,100.0,87.0,5.0,14:52:11
,,,,,97.0,,0.5,100.0,87.0,5.0,14:52:12
,,,,,97.0,,0.5,100.0,87.0,5.0,14:52:12
,,,,,97.0,,4.1,100.0,87.0,5.0,14:52:12
,,,,,97.0,,4.1,100.0,87.0,5.0,14:52:13
,,,,,97.0,,5.3,100.0,87.0,5.0,14:52:13
,,,,,97.0,,5.3,100.0,87.0,5.0,14:52:14
,,,,,97.0,,5.3,100.0,87.0,5.0,14:52:15
,,,,,97.0,,5.3,100.0,87.0,4.0,14:52:15
,,,,,99.0,106.0,0.2,100.0,87.0,4.0,14:52:15
,,,,,99.0,106.0,0.2,100.0,87.0,4.0,14:52:16
,,,,,99.0,106.0,0.3,100.0,87.0,4.0,14:52:16
,,,,,99.0,106.0,0.3,100.0,87.0,4.0,14:52:17
,,,,,100.0,106.0,0.3,100.0,87.0,4.0,14:52:17
,,,,,100.0,106.0,0.3,100.0,87.0,4.0,14:52:18
,,,,,100.0,100.0,0.4,100.0,87.0,4.0,14:52:18
,,,,,100.0,100.0,0.4,100.0,88.0,5.0,14:52:19
,,,,,100.0,100.0,0.4,100.0,88.0,5.0,14:52:19
,,,,,100.0,100.0,0.4,100.0,88.0,5.0,14:52:20
,,,,,100.0,100.0,0.4,100.0,88.0,5.0,14:52:21
,,,,,100.0,100.0,0.4,100.0,88.0,5.0,14:52:21
,,,,,100.0,99.0,0.4,100.0,88.0,5.0,14:52:22
,,,,,100.0,99.0,0.4,100.0,88.0,5.0,14:52:22
,,,,,100.0,90.0,0.4,100.0,88.0,5.0,14:52:22
,,,,,100.0,90.0,0.4,100.0,88.0,4.0,14:52:23
,,,,,100.0,90.0,0.4,100.0,88.0,4.0,14:52:23
,,,,,100.0,90.0,0.4,100.0,88.0,4.0,14:52:24
,,,,,100.0,89.0,0.4,100.0,88.0,4.0,14:52:24
,,,,,100.0,89.0,0.4,100.0,88.0,4.0,14:52:25
,,,,,100.0,89.0,0.4,100.0,88.0,4.0,14:52:25
,,,,,100.0,89.0,0.4,100.0,88.0,4.0,14:52:26
,,,,,100.0,89.0,0.3,100.0,88.0,4.0,14:52:26
,,,,,100.0,89.0,0.3,100.0,88.0,4.0,14:52:27
,,,,,100.0,89.0,0.4,100.0,88.0,4.0,14:52:27
,,,,,100.0,89.0,0.4,100.0,88.0,4.0,14:52:28
,,,,,100.0,89.0,0.4,100.0,88.0,4.0,14:52:28
,,,,,100.0,89.0,0.4,100.0,88.0,4.0,14:52:29
,,,,,100.0,89.0,0.4,100.0,88.0,4.0,14:52:29
,,,,,100.0,89.0,0.4,100.0,88.0,4.0,14:52:30
,,,,,100.0,89.0,0.9,100.0,88.0,4.0,14:52:30
,,,,,100.0,89.0,0.9,100.0,88.0,4.0,14:52:31
,,,,,100.0,89.0,0.9,100.0,88.0,4.0,14:52:31
,,,,,100.0,89.0,0.9,100.0,88.0,4.0,14:52:32
,,,,,100.0,89.0,1.2,100.0,88.0,4.0,14:52:32
,,,,,100.0,89.0,1.2,100.0,89.0,4.0,14:52:33
,,,,,100.0,89.0,1.3,100.0,89.0,4.0,14:52:33
,,,,,100.0,89.0,1.3,100.0,89.0,4.0,14:52:34
,,,,,100.0,89.0,1.3,100.0,89.0,4.0,14:52:34
,,,,,100.0,89.0,1.3,100.0,88.0,4.0,14:52:35
,,,,,99.0,88.0,0.6,100.0,88.0,4.0,14:52:35
,,,,,99.0,88.0,0.6,100.0,88.0,4.0,14:52:36
,,,,,99.0,89.0,1.3,100.0,88.0,4.0,14:52:37
,,,,,99.0,89.0,1.3,100.0,88.0,4.0,14:52:37
,,,,,99.0,89.0,1.3,100.0,88.0,4.0,14:52:37
,,,,,99.0,89.0,1.3,100.0,88.0,4.0,14:52:38
,,,,,99.0,88.0,0.8,100.0,88.0,4.0,14:52:38
,,,,,99.0,88.0,0.8,100.0,87.0,4.0,14:52:39
,,,,,99.0,87.0,0.7,100.0,87.0,4.0,14:52:39
,,,,,99.0,87.0,0.7,100.0,87.0,4.0,14:52:40
,,,,,99.0,85.0,0.5,100.0,87.0,4.0,14:52:40
,,,,,99.0,85.0,0.5,100.0,87.0,4.0,14:52:41
,,,,,99.0,83.0,0.4,100.0,87.0,4.0,14:52:42
,,,,,99.0,83.0,0.4,100.0,87.0,4.0,14:52:42
,,,,,99.0,82.0,0.3,100.0,87.0,4.0,14:52:42
,,,,,99.0,82.0,0.3,100.0,88.0,4.0,14:52:43
,,,,,98.0,81.0,0.3,100.0,88.0,4.0,14:52:44
,,,,,98.0,81.0,0.3,100.0,88.0,4.0,14:52:44
,,,,,98.0,82.0,0.3,100.0,88.0,4.0,14:52:44
,,,,,98.0,82.0,0.3,100.0,88.0,4.0,14:52:45
,,,,,98.0,82.0,0.3,100.0,88.0,4.0,14:52:45
,,,,,98.0,82.0,0.3,100.0,88.0,4.0,14:52:46
,,,,,98.0,85.0,0.3,100.0,88.0,4.0,14:52:46
,,,,,98.0,85.0,0.3,100.0,88.0,6.0,14:52:47
,,,,,98.0,85.0,0.3,100.0,88.0,6.0,14:52:47
,,,,,98.0,85.0,0.3,100.0,88.0,6.0,14:52:48
,,,,,98.0,85.0,0.3,100.0,88.0,6.0,14:52:48
,,,,,98.0,85.0,0.3,100.0,89.0,5.0,14:52:49
,,,,,99.0,82.0,0.3,100.0,89.0,5.0,14:52:49
,,,,,99.0,82.0,0.3,100.0,89.0,5.0,14:52:50
,,,,,99.0,82.0,0.3,100.0,89.0,5.0,14:52:50
,,,,,99.0,82.0,0.3,100.0,89.0,5.0,14:52:51
,,,,,99.0,81.0,0.3,100.0,89.0,5.0,14:52:51
,,,,,99.0,81.0,0.3,100.0,89.0,5.0,14:52:52
,,,,,99.0,81.0,0.3,100.0,89.0,5.0,14:52:52
,,,,,99.0,81.0,0.3,100.0,89.0,4.0,14:52:53
,,,,,99.0,81.0,0.3,100.0,89.0,4.0,14:52:53
,,,,,99.0,81.0,0.3,100.0,89.0,4.0,14:52:54
,,,,,99.0,82.0,0.3,100.0,89.0,4.0,14:52:55
,,,,,99.0,82.0,0.3,100.0,88.0,4.0,14:52:55
,,,,,99.0,82.0,0.3,100.0,88.0,4.0,14:52:56
,,,,,99.0,82.0,0.3,100.0,88.0,4.0,14:52:56
,,,,,99.0,73.0,0.3,100.0,88.0,4.0,14:52:56
,,,,,99.0,73.0,0.3,100.0,89.0,5.0,14:52:57
,,,,,99.0,73.0,0.3,100.0,89.0,5.0,14:52:57
,,,,,99.0,73.0,0.3,100.0,89.0,5.0,14:52:58
,,,,,99.0,73.0,0.3,100.0,89.0,5.0,14:52:58
,,,,,99.0,73.0,0.3,100.0,89.0,3.0,14:52:59
,,,,,99.0,73.0,0.3,100.0,89.0,3.0,14:52:59
,,,,,99.0,73.0,0.3,100.0,89.0,3.0,14:53:00
,,,,,99.0,79.0,0.2,100.0,89.0,3.0,14:53:00
,,,,,99.0,79.0,0.2,100.0,89.0,4.0,14:53:01
,,,,,99.0,78.0,0.2,100.0,89.0,4.0,14:53:01
,,,,,99.0,78.0,0.2,100.0,89.0,4.0,14:53:02
,,,,,99.0,76.0,0.2,100.0,89.0,4.0,14:53:02
,,,,,99.0,76.0,0.2,100.0,89.0,4.0,14:53:03
,,,,,99.0,76.0,0.3,100.0,89.0,4.0,14:53:03
,,,,,99.0,76.0,0.3,100.0,89.0,4.0,14:53:04
,,,,,99.0,76.0,0.3,100.0,89.0,4.0,14:53:04
,,,,,99.0,76.0,0.3,100.0,89.0,4.0,14:53:05
,,,,,99.0,76.0,0.3,100.0,89.0,4.0,14:53:05
,,,,,99.0,76.0,0.3,100.0,89.0,4.0,14:53:06
,,,,,99.0,75.0,0.3,100.0,89.0,4.0,14:53:06
,,,,,99.0,75.0,0.3,100.0,88.0,4.0,14:53:07
,,,,,99.0,76.0,0.3,100.0,88.0,4.0,14:53:07
,,,,,99.0,76.0,0.3,100.0,88.0,4.0,14:53:08
,,,,,99.0,77.0,0.3,100.0,88.0,4.0,14:53:08
,,,,,99.0,77.0,0.3,100.0,89.0,4.0,14:53:09
,,,,,99.0,79.0,0.3,100.0,89.0,4.0,14:53:09
,,,,,99.0,79.0,0.3,100.0,89.0,4.0,14:53:10
,,,,,99.0,79.0,0.3,100.0,89.0,4.0,14:53:10
,,,,,99.0,79.0,0.3,100.0,89.0,4.0,14:53:11
,,,,,99.0,80.0,0.3,100.0,89.0,4.0,14:53:11
,,,,,99.0,80.0,0.3,100.0,89.0,4.0,14:53:12
,,,,,99.0,80.0,0.3,100.0,89.0,4.0,14:53:12
,,,,,99.0,80.0,0.3,100.0,89.0,3.0,14:53:13
,,,,,99.0,81.0,0.3,100.0,89.0,3.0,14:53:13
,,,,,99.0,81.0,0.3,100.0,89.0,3.0,14:53:14
,,,,,100.0,81.0,0.3,100.0,89.0,3.0,14:53:14
,,,,,100.0,81.0,0.3,100.0,89.0,3.0,14:53:15
,,,,,100.0,80.0,0.2,100.0,89.0,3.0,14:53:15
,,,,,100.0,80.0,0.2,100.0,89.0,3.0,14:53:16
,,,,,100.0,80.0,0.2,100.0,89.0,3.0,14:53:16
,,,,,100.0,80.0,0.2,100.0,89.0,3.0,14:53:17
,,,,,100.0,80.0,0.2,100.0,89.0,3.0,14:53:17
,,,,,100.0,80.0,0.2,100.0,89.0,3.0,14:53:18
,,,,,100.0,84.0,0.2,100.0,89.0,3.0,14:53:18
,,,,,100.0,84.0,0.2,100.0,89.0,4.0,14:53:19
,,,,,100.0,84.0,0.2,100.0,89.0,4.0,14:53:19
,,,,,100.0,84.0,0.2,100.0,89.0,4.0,14:53:20
,,,,,100.0,84.0,0.2,100.0,89.0,4.0,14:53:20
,,,,,100.0,84.0,0.2,100.0,89.0,4.0,14:53:21
,,,,,99.0,84.0,0.2,100.0,89.0,4.0,14:53:21
,,,,,99.0,84.0,0.2,100.0,89.0,4.0,14:53:22
,,,,,99.0,84.0,0.2,100.0,88.0,5.0,14:53:22
,,,,,99.0,84.0,0.2,100.0,87.0,4.0,14:53:23
,,,,,99.0,84.0,0.2,100.0,87.0,4.0,14:53:23
,,,,,99.0,84.0,0.2,100.0,87.0,4.0,14:53:24
,,,,,99.0,86.0,0.2,100.0,87.0,4.0,14:53:24
,,,,,99.0,86.0,0.2,100.0,87.0,4.0,14:53:25
,,,,,99.0,86.0,0.2,100.0,87.0,4.0,14:53:25
,,,,,99.0,86.0,0.2,100.0,87.0,4.0,14:53:26
,,,,,99.0,87.0,0.2,100.0,87.0,4.0,14:53:26
,,,,,99.0,87.0,0.2,100.0,87.0,3.0,14:53:27
,,,,,99.0,87.0,0.2,100.0,87.0,3.0,14:53:27
,,,,,99.0,87.0,0.2,100.0,87.0,3.0,14:53:28
,,,,,99.0,87.0,0.2,100.0,87.0,3.0,14:53:28
,,,,,99.0,87.0,0.2,100.0,87.0,3.0,14:53:29
,,,,,99.0,87.0,0.2,100.0,87.0,3.0,14:53:29
,,,,,99.0,87.0,0.2,100.0,87.0,3.0,14:53:30
,,,,,99.0,87.0,0.2,100.0,87.0,3.0,14:53:30
,,,,,99.0,87.0,0.2,100.0,87.0,3.0,14:53:31
,,,,,99.0,89.0,0.2,100.0,87.0,3.0,14:53:31
,,,,,99.0,89.0,0.2,100.0,87.0,3.0,14:53:32
,,,,,99.0,90.0,0.2,100.0,87.0,3.0,14:53:32
,,,,,99.0,90.0,0.2,100.0,89.0,4.0,14:53:33
,,,,,99.0,90.0,0.2,100.0,89.0,4.0,14:53:33
,,,,,99.0,90.0,0.2,100.0,89.0,4.0,14:53:34
,,,,,99.0,88.0,0.2,100.0,89.0,4.0,14:53:34
,,,,,99.0,88.0,0.2,99.0,89.0,5.0,14:53:35
,,,,,99.0,88.0,0.2,99.0,89.0,5.0,14:53:35
,,,,,99.0,88.0,0.2,99.0,89.0,5.0,14:53:36
,,,,,99.0,88.0,0.2,99.0,89.0,5.0,14:53:36
,,,,,99.0,88.0,0.2,99.0,87.0,4.0,14:53:37
,,,,,99.0,88.0,0.2,99.0,87.0,4.0,14:53:37
,,,,,99.0,88.0,0.2,99.0,87.0,4.0,14:53:38
,,,,,99.0,88.0,0.2,99.0,87.0,4.0,14:53:38
,,,,,99.0,88.0,0.2,99.0,87.0,4.0,14:53:39
,,,,,99.0,88.0,0.2,99.0,87.0,4.0,14:53:39
,,,,,99.0,88.0,0.2,99.0,87.0,4.0,14:53:40
,,,,,99.0,88.0,0.2,99.0,87.0,4.0,14:53:40
,,,,,99.0,88.0,0.2,98.0,87.0,4.0,14:53:41
,,,,,99.0,88.0,0.2,98.0,87.0,4.0,14:53:41
,,,,,99.0,88.0,0.2,98.0,87.0,4.0,14:53:42
,,,,,99.0,88.0,0.2,98.0,87.0,4.0,14:53:42
,,,,,99.0,88.0,0.2,98.0,87.0,3.0,14:53:43
,,,,,99.0,88.0,0.2,98.0,87.0,3.0,14:53:43
,,,,,99.0,88.0,0.2,98.0,87.0,3.0,14:53:44
,,,,,99.0,88.0,0.2,98.0,87.0,3.0,14:53:44
,,,,,99.0,88.0,0.2,100.0,85.0,3.0,14:53:45
,,,,,99.0,88.0,0.2,100.0,85.0,3.0,14:53:45
,,,,,99.0,88.0,0.2,100.0,85.0,3.0,14:53:46
,,,,,99.0,88.0,0.2,100.0,85.0,3.0,14:53:46
,,,,,99.0,88.0,0.2,100.0,85.0,3.0,14:53:47
,,,,,99.0,88.0,0.2,100.0,85.0,3.0,14:53:47
,,,,,99.0,88.0,0.2,100.0,85.0,3.0,14:53:48
,,,,,99.0,87.0,0.2,100.0,85.0,3.0,14:53:48
,,,,,99.0,87.0,0.2,100.0,85.0,3.0,14:53:49
,,,,,99.0,87.0,0.2,100.0,85.0,3.0,14:53:49
,,,,,99.0,87.0,0.2,100.0,85.0,3.0,14:53:50
,,,,,99.0,87.0,0.2,100.0,85.0,3.0,14:53:50
,,,,,99.0,87.0,0.2,100.0,85.0,3.0,14:53:51
,,,,,99.0,87.0,0.2,100.0,85.0,3.0,14:53:51
,,,,,99.0,87.0,0.2,100.0,85.0,3.0,14:53:52
,,,,,99.0,87.0,0.2,100.0,85.0,3.0,14:53:52
,,,,,99.0,87.0,0.2,100.0,86.0,4.0,14:53:53
,,,,,99.0,87.0,0.2,100.0,86.0,4.0,14:53:53
,,,,,99.0,87.0,0.2,100.0,86.0,4.0,14:53:54
,,,,,99.0,87.0,0.2,100.0,86.0,4.0,14:53:54
,,,,,99.0,87.0,0.2,100.0,87.0,3.0,14:53:55
,,,,,99.0,86.0,0.2,100.0,87.0,3.0,14:53:55
,,,,,99.0,86.0,0.2,100.0,87.0,3.0,14:53:56
,,,,,99.0,86.0,0.2,100.0,87.0,3.0,14:53:56
,,,,,99.0,86.0,0.2,100.0,87.0,3.0,14:53:57
,,,,,99.0,86.0,0.2,100.0,87.0,3.0,14:53:57
,,,,,99.0,86.0,0.2,100.0,87.0,3.0,14:53:58
,,,,,99.0,85.0,0.2,100.0,87.0,3.0,14:53:58
,,,,,99.0,85.0,0.2,100.0,88.0,3.0,14:53:59
,,,,,99.0,89.0,0.2,100.0,88.0,3.0,14:53:59
,,,,,99.0,89.0,0.2,100.0,88.0,3.0,14:54:00
,,,,,99.0,89.0,0.2,100.0,88.0,3.0,14:54:00
,,,,,99.0,89.0,0.2,100.0,88.0,3.0,14:54:01
,,,,,98.0,91.0,0.2,100.0,88.0,3.0,14:54:01
,,,,,98.0,91.0,0.2,100.0,88.0,3.0,14:54:02
,,,,,98.0,91.0,0.2,100.0,88.0,3.0,14:54:02
,,,,,98.0,91.0,0.2,100.0,88.0,4.0,14:54:03
,,,,,98.0,91.0,0.2,100.0,88.0,4.0,14:54:03
,,,,,98.0,91.0,0.2,100.0,88.0,4.0,14:54:04
,,,,,98.0,92.0,0.2,100.0,88.0,4.0,14:54:04
,,,,,98.0,92.0,0.2,100.0,87.0,4.0,14:54:05
,,,,,98.0,91.0,0.2,100.0,87.0,4.0,14:54:05
,,,,,98.0,91.0,0.2,100.0,87.0,4.0,14:54:06
,,,,,99.0,91.0,0.2,100.0,87.0,4.0,14:54:07
,,,,,99.0,91.0,0.2,100.0,88.0,3.0,14:54:07
,,,,,99.0,90.0,0.2,100.0,88.0,3.0,14:54:07
,,,,,99.0,90.0,0.2,100.0,88.0,3.0,14:54:08
,,,,,99.0,90.0,0.2,100.0,88.0,3.0,14:54:08
,,,,,99.0,90.0,0.2,100.0,88.0,3.0,14:54:09
,,,,,99.0,90.0,0.2,100.0,88.0,3.0,14:54:09
,,,,,99.0,90.0,0.2,100.0,88.0,3.0,14:54:10
,,,,,99.0,90.0,0.2,100.0,88.0,3.0,14:54:10
,,,,,99.0,90.0,0.2,100.0,88.0,3.0,14:54:11
,,,,,99.0,90.0,0.2,100.0,88.0,3.0,14:54:11
,,,,,99.0,90.0,0.2,100.0,88.0,3.0,14:54:12
,,,,,99.0,89.0,0.2,100.0,88.0,3.0,14:54:12
,,,,,99.0,89.0,0.2,100.0,90.0,4.0,14:54:13
,,,,,99.0,88.0,0.2,100.0,90.0,4.0,14:54:13
,,,,,99.0,88.0,0.2,100.0,90.0,4.0,14:54:14
,,,,,99.0,88.0,0.2,100.0,90.0,4.0,14:54:14
,,,,,99.0,88.0,0.2,100.0,90.0,4.0,14:54:15
,,,,,99.0,88.0,0.2,100.0,90.0,4.0,14:54:15
,,,,,99.0,88.0,0.2,100.0,90.0,4.0,14:54:16
,,,,,99.0,87.0,0.2,100.0,90.0,4.0,14:54:16
,,,,,99.0,87.0,0.2,100.0,90.0,3.0,14:54:17
,,,,,99.0,87.0,0.2,100.0,90.0,3.0,14:54:17
,,,,,99.0,87.0,0.2,100.0,90.0,3.0,14:54:18
,,,,,99.0,88.0,0.2,100.0,90.0,3.0,14:54:18
,,,,,99.0,88.0,0.2,100.0,90.0,3.0,14:54:19
,,,,,99.0,88.0,0.2,100.0,90.0,3.0,14:54:19
,,,,,99.0,88.0,0.2,100.0,90.0,3.0,14:54:20
,,,,,99.0,90.0,0.2,100.0,90.0,3.0,14:54:20
,,,,,99.0,90.0,0.2,100.0,90.0,4.0,14:54:21
,,,,,99.0,91.0,0.2,100.0,90.0,4.0,14:54:21
,,,,,99.0,91.0,0.2,100.0,90.0,4.0,14:54:22
,,,,,99.0,91.0,0.2,100.0,90.0,4.0,14:54:22
,,,,,99.0,91.0,0.2,100.0,90.0,3.0,14:54:23
,,,,,100.0,91.0,0.2,100.0,90.0,3.0,14:54:23
,,,,,100.0,91.0,0.2,100.0,90.0,3.0,14:54:24
,,,,,100.0,91.0,0.2,100.0,90.0,3.0,14:54:24
,,,,,100.0,91.0,0.2,100.0,89.0,3.0,14:54:25
,,,,,100.0,91.0,0.2,100.0,89.0,3.0,14:54:25
,,,,,100.0,91.0,0.2,100.0,89.0,3.0,14:54:26
,,,,,100.0,90.0,0.2,100.0,89.0,3.0,14:54:26
,,,,,100.0,90.0,0.2,100.0,89.0,4.0,14:54:27
,,,,,100.0,90.0,0.2,100.0,89.0,4.0,14:54:27
,,,,,100.0,90.0,0.2,100.0,89.0,4.0,14:54:28
,,,,,100.0,89.0,0.2,100.0,89.0,4.0,14:54:28
,,,,,100.0,89.0,0.2,100.0,89.0,3.0,14:54:29
,,,,,100.0,88.0,0.2,100.0,89.0,3.0,14:54:29
,,,,,100.0,88.0,0.2,100.0,89.0,3.0,14:54:30
,,,,,100.0,88.0,0.2,100.0,89.0,3.0,14:54:30
,,,,,100.0,88.0,0.2,100.0,89.0,3.0,14:54:31
,,,,,100.0,88.0,0.2,100.0,89.0,3.0,14:54:31
,,,,,100.0,88.0,0.2,100.0,89.0,3.0,14:54:32
,,,,,100.0,88.0,0.2,100.0,89.0,3.0,14:54:32
,,,,,100.0,88.0,0.2,100.0,88.0,4.0,14:54:33
,,,,,100.0,88.0,0.2,100.0,88.0,4.0,14:54:33
,,,,,100.0,88.0,0.2,100.0,88.0,4.0,14:54:34
,,,,,100.0,87.0,0.2,100.0,88.0,4.0,14:54:34
,,,,,100.0,87.0,0.2,100.0,89.0,3.0,14:54:35
,,,,,100.0,86.0,0.2,100.0,89.0,3.0,14:54:35
,,,,,100.0,86.0,0.2,100.0,89.0,3.0,14:54:36
,,,,,100.0,85.0,0.2,100.0,89.0,3.0,14:54:37
,,,,,100.0,85.0,0.2,100.0,90.0,4.0,14:54:37
,,,,,100.0,85.0,0.2,100.0,90.0,4.0,14:54:37
,,,,,100.0,85.0,0.2,100.0,90.0,4.0,14:54:38
,,,,,100.0,87.0,0.2,100.0,90.0,4.0,14:54:38
,,,,,100.0,87.0,0.2,100.0,90.0,4.0,14:54:39
,,,,,100.0,88.0,0.2,100.0,90.0,4.0,14:54:39
,,,,,100.0,88.0,0.2,100.0,90.0,4.0,14:54:40
,,,,,100.0,88.0,0.2,100.0,90.0,4.0,14:54:40
,,,,,100.0,88.0,0.2,100.0,89.0,4.0,14:54:41
,,,,,100.0,88.0,0.2,100.0,89.0,4.0,14:54:41
,,,,,100.0,88.0,0.2,100.0,89.0,4.0,14:54:42
,,,,,100.0,88.0,0.2,100.0,89.0,4.0,14:54:42
,,,,,100.0,88.0,0.2,100.0,89.0,3.0,14:54:43
,,,,,100.0,88.0,0.2,100.0,89.0,3.0,14:54:43
,,,,,100.0,88.0,0.2,100.0,89.0,3.0,14:54:44
,,,,,100.0,88.0,0.2,100.0,89.0,3.0,14:54:44
,,,,,100.0,88.0,0.2,100.0,90.0,3.0,14:54:45
,,,,,100.0,89.0,0.2,100.0,90.0,3.0,14:54:45
,,,,,100.0,89.0,0.2,100.0,90.0,3.0,14:54:46
,,,,,100.0,90.0,0.2,100.0,90.0,3.0,14:54:46
,,,,,100.0,90.0,0.2,100.0,89.0,3.0,14:54:47
,,,,,100.0,91.0,0.2,100.0,89.0,3.0,14:54:47
,,,,,100.0,91.0,0.2,100.0,89.0,3.0,14:54:48
,,,,,100.0,91.0,0.2,100.0,89.0,3.0,14:54:48
,,,,,100.0,91.0,0.2,100.0,89.0,3.0,14:54:49
,,,,,100.0,91.0,0.2,100.0,89.0,3.0,14:54:49
,,,,,100.0,91.0,0.2,100.0,89.0,3.0,14:54:50
,,,,,100.0,90.0,0.2,100.0,89.0,3.0,14:54:50
,,,,,100.0,90.0,0.2,100.0,89.0,3.0,14:54:51
,,,,,100.0,90.0,0.2,100.0,89.0,3.0,14:54:51
,,,,,100.0,90.0,0.2,100.0,89.0,3.0,14:54:52
,,,,,100.0,90.0,0.2,100.0,89.0,3.0,14:54:52
,,,,,100.0,90.0,0.2,100.0,90.0,4.0,14:54:53
,,,,,100.0,90.0,0.2,100.0,90.0,4.0,14:54:53
,,,,,100.0,90.0,0.2,100.0,90.0,4.0,14:54:54
,,,,,100.0,90.0,0.2,100.0,90.0,4.0,14:54:54
,,,,,100.0,90.0,0.2,100.0,90.0,3.0,14:54:55
,,,,,100.0,89.0,0.2,100.0,90.0,3.0,14:54:55
,,,,,100.0,89.0,0.2,100.0,90.0,3.0,14:54:56
,,,,,100.0,89.0,0.2,100.0,90.0,3.0,14:54:56
,,,,,100.0,89.0,0.2,100.0,90.0,3.0,14:54:57
,,,,,100.0,89.0,0.2,100.0,90.0,3.0,14:54:57
,,,,,100.0,89.0,0.2,100.0,90.0,3.0,14:54:58
,,,,,100.0,89.0,0.2,100.0,90.0,3.0,14:54:58
,,,,,100.0,89.0,0.2,100.0,90.0,4.0,14:54:59
,,,,,100.0,89.0,0.2,100.0,90.0,4.0,14:54:59
,,,,,100.0,89.0,0.2,100.0,90.0,4.0,14:55:00
,,,,,100.0,89.0,0.2,100.0,90.0,4.0,14:55:00
,,,,,100.0,89.0,0.2,100.0,90.0,4.0,14:55:01
,,,,,100.0,89.0,0.2,100.0,90.0,4.0,14:55:01
,,,,,100.0,89.0,0.2,100.0,90.0,4.0,14:55:02
,,,,,100.0,89.0,0.2,100.0,88.0,3.0,14:55:02
,,,,,100.0,89.0,0.2,100.0,87.0,5.0,14:55:03
,,,,,100.0,88.0,0.2,100.0,87.0,5.0,14:55:03
,,,,,100.0,88.0,0.2,100.0,87.0,5.0,14:55:04
,,,,,100.0,88.0,0.2,100.0,87.0,5.0,14:55:04
,,,,,100.0,88.0,0.2,100.0,87.0,4.0,14:55:05
,,,,,100.0,88.0,0.2,100.0,87.0,4.0,14:55:05
,,,,,100.0,88.0,0.2,100.0,87.0,4.0,14:55:06
,,,,,100.0,88.0,0.2,100.0,87.0,4.0,14:55:06
,,,,,100.0,88.0,0.2,100.0,86.0,4.0,14:55:07
,,,,,100.0,88.0,0.2,100.0,86.0,4.0,14:55:07
,,,,21.0,100.0,88.0,0.2,100.0,86.0,4.0,14:55:08
,,,,,100.0,87.0,0.2,100.0,86.0,4.0,14:55:08
,,,,,100.0,87.0,0.2,100.0,87.0,2.0,14:55:09
,,,,,100.0,87.0,0.2,100.0,87.0,2.0,14:55:09
,,,,,100.0,87.0,0.2,100.0,87.0,2.0,14:55:10
,,,,27.0,100.0,87.0,0.2,100.0,87.0,2.0,14:55:10
,11.57564,,,27.0,100.0,88.0,0.2,100.0,87.0,2.0,14:55:11
,11.57564,141.639468,99.637292,27.0,100.0,88.0,0.2,100.0,87.0,2.0,14:55:11
,11.57564,141.639468,99.637292,27.0,100.0,88.0,0.2,100.0,87.0,2.0,14:55:12
,11.57564,141.639468,99.637292,27.0,100.0,88.0,0.2,100.0,87.0,2.0,14:55:12
,11.57564,141.639468,99.637292,26.0,100.0,88.0,0.2,100.0,88.0,4.0,14:55:13
,11.57564,141.639468,99.637292,26.0,100.0,88.0,0.2,100.0,88.0,4.0,14:55:13
,11.57564,141.639468,99.637292,26.0,100.0,88.0,0.2,100.0,88.0,4.0,14:55:14
,11.57564,141.639468,99.637292,26.0,100.0,88.0,0.2,100.0,88.0,4.0,14:55:14
,11.57564,141.639468,99.637292,26.0,100.0,87.0,0.2,100.0,88.0,3.0,14:55:15
,11.57564,141.639468,99.637292,26.0,100.0,87.0,0.2,100.0,88.0,3.0,14:55:16
,11.57564,141.639468,99.637292,25.0,100.0,87.0,0.2,100.0,88.0,3.0,14:55:16
,11.57564,141.639468,99.637292,25.0,100.0,87.0,0.2,100.0,88.0,3.0,14:55:17
,11.57564,141.639468,99.637292,25.0,100.0,87.0,0.2,100.0,88.0,3.0,14:55:17
,11.57564,141.639468,99.637292,25.0,100.0,87.0,0.2,100.0,88.0,3.0,14:55:18
,11.57564,141.639468,99.637292,25.0,100.0,87.0,0.2,100.0,88.0,3.0,14:55:18
,26.556343,141.639468,99.363701,25.0,100.0,87.0,0.2,100.0,88.0,3.0,14:55:19
,26.556343,119.606376,98.954407,25.0,100.0,93.0,0.2,100.0,87.0,3.0,14:55:19
,26.556343,119.606376,98.954407,25.0,100.0,93.0,0.2,100.0,87.0,3.0,14:55:20
,26.556343,119.606376,98.954407,25.0,100.0,92.0,0.2,100.0,87.0,3.0,14:55:20
,26.059595,119.606376,98.96824,25.0,100.0,92.0,0.2,100.0,87.0,3.0,14:55:21
,26.059595,125.637938,99.106893,25.0,100.0,91.0,0.2,100.0,86.0,3.0,14:55:21
,26.059595,125.637938,99.106893,25.0,100.0,91.0,0.2,100.0,86.0,3.0,14:55:22
,26.059595,125.637938,99.106893,25.0,100.0,91.0,0.2,100.0,86.0,3.0,14:55:22
,26.445736,125.637938,99.09769,26.0,100.0,91.0,0.2,100.0,86.0,3.0,14:55:23
,26.445736,120.562444,98.981561,26.0,100.0,91.0,0.2,100.0,85.0,3.0,14:55:23
,26.445736,120.562444,98.981561,26.0,100.0,91.0,0.2,100.0,85.0,3.0,14:55:24
,27.424286,120.562444,98.955181,28.0,100.0,89.0,0.2,100.0,85.0,3.0,14:55:24
,27.424286,118.232325,98.893454,28.0,100.0,89.0,0.2,100.0,85.0,3.0,14:55:25
,27.424286,118.232325,98.893454,28.0,100.0,85.0,0.2,100.0,85.0,3.0,14:55:25
,27.424286,118.232325,98.893454,28.0,100.0,85.0,0.2,100.0,85.0,3.0,14:55:26
,27.3904,118.232325,98.894421,29.0,100.0,84.0,0.2,100.0,85.0,3.0,14:55:26
,27.3904,118.232325,98.894421,29.0,100.0,84.0,0.2,100.0,85.0,3.0,14:55:27
,27.3904,116.49405,98.84521,29.0,100.0,84.0,0.2,100.0,85.0,3.0,14:55:27
,27.3904,116.49405,98.84521,29.0,100.0,84.0,0.2,100.0,85.0,3.0,14:55:28
,28.037691,116.49405,98.82592,30.0,100.0,84.0,0.2,100.0,85.0,3.0,14:55:28
,28.037691,116.49405,98.82592,30.0,100.0,84.0,0.2,100.0,85.0,3.0,14:55:29
,28.037691,113.945916,98.746955,30.0,100.0,82.0,0.2,100.0,88.0,3.0,14:55:29
,28.037691,113.945916,98.746955,30.0,100.0,82.0,0.2,100.0,88.0,3.0,14:55:30
,28.037691,113.945916,98.746955,30.0,100.0,85.0,0.2,100.0,88.0,3.0,14:55:30
,28.037691,113.945916,98.746955,30.0,100.0,85.0,0.2,100.0,88.0,3.0,14:55:31
,26.476685,113.945916,98.7971,28.0,100.0,86.0,0.2,100.0,88.0,3.0,14:55:31
,26.476685,116.663815,98.877483,28.0,100.0,86.0,0.2,100.0,88.0,3.0,14:55:32
,26.476685,116.663815,98.877483,28.0,100.0,87.0,0.2,100.0,88.0,3.0,14:55:32
,26.476685,116.663815,98.877483,28.0,100.0,87.0,0.2,100.0,88.0,3.0,14:55:33
,26.476685,116.663815,98.877483,28.0,100.0,88.0,0.2,100.0,90.0,3.0,14:55:33
,30.896643,116.663815,98.747685,27.0,100.0,88.0,0.2,100.0,90.0,3.0,14:55:34
,30.896643,106.626903,98.366158,27.0,100.0,88.0,0.2,100.0,90.0,3.0,14:55:34
,30.896643,106.626903,98.366158,27.0,100.0,88.0,0.2,100.0,90.0,3.0,14:55:35
,30.896643,106.626903,98.366158,27.0,100.0,86.0,0.2,100.0,89.0,3.0,14:55:35
,30.896643,106.626903,98.366158,27.0,100.0,86.0,0.2,100.0,89.0,3.0,14:55:36
,30.896643,106.626903,98.366158,27.0,100.0,89.0,0.2,100.0,89.0,3.0,14:55:36
,30.896643,106.626903,98.366158,27.0,100.0,89.0,0.2,100.0,89.0,3.0,14:55:37
,30.896643,106.626903,98.366158,27.0,100.0,89.0,0.2,100.0,89.0,3.0,14:55:37
,29.363365,106.626903,98.425119,22.0,100.0,89.0,0.2,100.0,89.0,3.0,14:55:38
,29.363365,108.825778,98.51703,22.0,100.0,91.0,0.2,100.0,89.0,3.0,14:55:38
,29.363365,108.825778,98.51703,22.0,100.0,91.0,0.2,100.0,89.0,3.0,14:55:39
,29.363365,108.825778,98.51703,22.0,100.0,91.0,0.2,100.0,90.0,3.0,14:55:39
,30.444,108.825778,98.47798,22.0,100.0,91.0,0.2,100.0,90.0,3.0,14:55:40
,30.444,104.760513,98.297045,22.0,100.0,92.0,0.2,100.0,90.0,3.0,14:55:40
,30.444,104.760513,98.297045,22.0,100.0,92.0,0.2,100.0,90.0,3.0,14:55:41
,30.444,104.760513,98.297045,22.0,100.0,92.0,0.2,100.0,89.0,3.0,14:55:41
,30.444,104.760513,98.297045,22.0,100.0,92.0,0.2,100.0,89.0,3.0,14:55:42
,30.444,104.760513,98.297045,22.0,100.0,91.0,0.2,100.0,89.0,3.0,14:55:42
,29.676102,104.760513,98.328282,21.0,100.0,91.0,0.2,100.0,89.0,3.0,14:55:43
,29.676102,102.782676,98.231794,21.0,100.0,91.0,0.2,100.0,87.0,3.0,14:55:43
,29.676102,102.782676,98.231794,21.0,100.0,91.0,0.2,100.0,87.0,3.0,14:55:44
,29.676102,102.782676,98.231794,21.0,100.0,90.0,0.2,100.0,87.0,3.0,14:55:44
,29.676102,102.782676,98.231794,21.0,100.0,90.0,0.2,100.0,87.0,3.0,14:55:45
,29.648121,102.782676,98.233007,22.0,100.0,90.0,0.2,100.0,86.0,3.0,14:55:45
,29.648121,104.318604,98.3085,22.0,100.0,90.0,0.2,100.0,86.0,3.0,14:55:46
,29.648121,104.318604,98.3085,22.0,100.0,88.0,0.2,100.0,86.0,3.0,14:55:46
,29.648121,104.318604,98.3085,22.0,100.0,88.0,0.2,100.0,86.0,3.0,14:55:47
,29.648121,104.318604,98.3085,22.0,100.0,88.0,0.2,100.0,87.0,3.0,14:55:47
,30.475714,104.318604,98.274385,21.0,100.0,88.0,0.2,100.0,87.0,3.0,14:55:48
,30.475714,104.318604,98.274385,21.0,100.0,87.0,0.2,100.0,87.0,3.0,14:55:48
,30.475714,99.971696,98.043859,21.0,100.0,87.0,0.2,100.0,87.0,3.0,14:55:49
,30.475714,99.971696,98.043859,21.0,100.0,89.0,0.2,100.0,88.0,3.0,14:55:49
,30.475714,99.971696,98.043859,21.0,100.0,89.0,0.2,100.0,88.0,3.0,14:55:50
,30.475714,99.971696,98.043859,24.0,100.0,89.0,0.2,100.0,88.0,3.0,14:55:50
,30.475714,99.971696,98.043859,21.0,100.0,89.0,0.2,100.0,88.0,3.0,14:55:51
,30.475714,99.971696,98.043859,23.0,100.0,89.0,0.2,100.0,88.0,3.0,14:55:51
,30.475714,99.971696,98.043859,23.0,100.0,89.0,0.2,100.0,88.0,3.0,14:55:52
,30.475714,99.971696,98.043859,23.0,100.0,88.0,0.2,100.0,88.0,3.0,14:55:52
,30.475714,99.971696,98.043859,23.0,100.0,88.0,0.2,100.0,88.0,3.0,14:55:53
,30.475714,99.971696,98.043859,23.0,100.0,88.0,0.2,100.0,85.0,3.0,14:55:53
,60.807434,99.971696,96.771514,22.0,100.0,88.0,0.2,100.0,85.0,3.0,14:55:54
,60.807434,99.971696,96.771514,22.0,100.0,87.0,0.2,100.0,85.0,3.0,14:55:54
,60.807434,99.971696,96.771514,22.0,100.0,87.0,0.2,100.0,85.0,3.0,14:55:55
,60.807434,48.354886,75.766819,22.0,100.0,87.0,0.2,100.0,86.0,3.0,14:55:55
,60.807434,48.354886,75.766819,22.0,100.0,87.0,0.2,100.0,86.0,3.0,14:55:56
,60.807434,48.354886,75.766819,22.0,100.0,88.0,0.2,100.0,86.0,3.0,14:55:56
,60.742073,53.313946,80.881456,22.0,100.0,88.0,0.2,100.0,86.0,3.0,14:55:57
,60.742073,53.313946,80.881456,22.0,100.0,88.0,0.2,100.0,87.0,3.0,14:55:57
,60.742073,41.511262,66.218314,22.0,100.0,88.0,0.2,100.0,87.0,3.0,14:55:58
,60.742073,41.511262,66.218314,22.0,100.0,89.0,0.2,100.0,87.0,3.0,14:55:58
,60.742073,41.511262,66.218314,22.0,100.0,89.0,0.2,100.0,87.0,3.0,14:55:59
,60.742073,41.511262,66.218314,22.0,100.0,88.0,0.2,100.0,87.0,3.0,14:55:59
,60.742073,41.511262,66.218314,22.0,100.0,88.0,0.2,100.0,87.0,3.0,14:56:00
,60.742073,41.511262,66.218314,22.0,100.0,89.0,0.2,100.0,87.0,3.0,14:56:00
,60.742073,41.511262,66.218314,22.0,100.0,89.0,0.2,100.0,87.0,3.0,14:56:01
,60.742073,41.511262,66.218314,22.0,100.0,89.0,0.2,100.0,88.0,4.0,14:56:01
,60.742073,41.511262,66.218314,22.0,100.0,89.0,0.2,100.0,88.0,4.0,14:56:02
,60.742073,41.511262,66.218314,22.0,100.0,89.0,0.2,100.0,88.0,4.0,14:56:02
,60.742073,41.511262,66.218314,22.0,100.0,89.0,0.2,100.0,88.0,4.0,14:56:03
,60.742073,41.511262,66.218314,22.0,100.0,88.0,0.2,100.0,88.0,4.0,14:56:03
,60.742073,41.511262,66.218314,22.0,100.0,88.0,0.2,100.0,88.0,4.0,14:56:04
,60.742073,41.511262,66.218314,19.0,100.0,90.0,0.2,100.0,88.0,4.0,14:56:04
,60.742073,41.511262,66.218314,19.0,100.0,90.0,0.2,100.0,88.0,4.0,14:56:05
,60.742073,41.511262,66.218314,19.0,100.0,92.0,0.2,100.0,89.0,3.0,14:56:05
,60.742073,41.511262,66.218314,19.0,100.0,92.0,0.2,100.0,89.0,3.0,14:56:06
,60.742073,41.511262,66.218314,19.0,100.0,92.0,0.2,100.0,89.0,3.0,14:56:06
,60.742073,41.511262,66.218314,19.0,100.0,92.0,0.2,100.0,89.0,3.0,14:56:07
,60.742073,41.511262,66.218314,19.0,100.0,96.0,0.2,100.0,90.0,4.0,14:56:07
,60.742073,41.511262,66.218314,19.0,100.0,96.0,0.2,100.0,90.0,4.0,14:56:08
,60.742073,41.511262,66.218314,19.0,100.0,96.0,0.2,100.0,90.0,4.0,14:56:08
,40.777508,41.511262,73.342397,19.0,100.0,96.0,0.2,100.0,90.0,4.0,14:56:09
,40.777508,41.511262,73.342397,19.0,100.0,97.0,0.2,100.0,90.0,3.0,14:56:09
,40.777508,61.482309,90.117154,19.0,100.0,97.0,0.2,100.0,90.0,3.0,14:56:10
,40.777508,61.482309,90.117154,19.0,100.0,99.0,0.2,100.0,90.0,3.0,14:56:10
,40.777508,61.482309,90.117154,18.0,100.0,99.0,0.2,100.0,90.0,3.0,14:56:11
,39.23782,61.482309,90.394783,18.0,100.0,101.0,0.2,100.0,90.0,3.0,14:56:11
,39.23782,63.395782,91.177715,18.0,100.0,101.0,0.2,100.0,90.0,3.0,14:56:12
,39.23782,63.395782,91.177715,18.0,100.0,101.0,0.2,100.0,90.0,3.0,14:56:12
,39.23782,63.395782,91.177715,18.0,100.0,101.0,0.2,100.0,90.0,3.0,14:56:13
,38.660133,63.395782,91.274648,19.0,100.0,101.0,0.2,100.0,92.0,3.0,14:56:13
,38.660133,63.395782,91.274648,19.0,100.0,101.0,0.2,100.0,92.0,3.0,14:56:14
,38.660133,65.136888,91.91148,19.0,100.0,101.0,0.2,100.0,92.0,3.0,14:56:14
,38.660133,65.136888,91.91148,19.0,100.0,101.0,0.2,100.0,92.0,3.0,14:56:15
,38.660133,65.136888,91.91148,19.0,100.0,101.0,0.2,100.0,94.0,4.0,14:56:15
,38.744602,65.136888,91.89828,19.0,100.0,101.0,0.2,100.0,94.0,4.0,14:56:16
,38.744602,65.931631,92.169802,19.0,100.0,101.0,0.2,100.0,94.0,4.0,14:56:16
,38.744602,65.931631,92.169802,19.0,100.0,101.0,0.2,100.0,94.0,4.0,14:56:17
,38.744602,65.931631,92.169802,19.0,100.0,101.0,0.2,100.0,97.0,4.0,14:56:17
,38.904579,65.931631,92.145644,23.0,100.0,101.0,0.2,100.0,97.0,4.0,14:56:18
,38.904579,67.427965,92.627673,23.0,100.0,101.0,0.2,100.0,97.0,4.0,14:56:18
,38.904579,67.427965,92.627673,23.0,100.0,101.0,0.2,100.0,97.0,4.0,14:56:19
,38.904579,67.427965,92.627673,23.0,100.0,101.0,0.2,100.0,97.0,3.0,14:56:19
,38.904579,67.427965,92.627673,23.0,100.0,101.0,0.2,100.0,97.0,3.0,14:56:20
,38.852524,67.427965,92.635058,24.0,100.0,101.0,0.2,100.0,97.0,3.0,14:56:20
,38.852524,67.191428,92.561489,24.0,100.0,101.0,0.2,100.0,97.0,3.0,14:56:21
,38.852524,67.191428,92.561489,24.0,100.0,101.0,0.2,99.0,97.0,3.0,14:56:21
,38.852524,67.191428,92.561489,24.0,100.0,101.0,0.2,99.0,97.0,3.0,14:56:22
,38.852524,67.191428,92.561489,24.0,100.0,100.0,0.2,99.0,97.0,3.0,14:56:22
,38.852524,67.191428,92.561489,26.0,100.0,100.0,0.2,99.0,97.0,3.0,14:56:23
,39.056454,67.191428,92.532294,26.0,100.0,100.0,0.2,99.0,96.0,3.0,14:56:23
,39.056454,67.348202,92.581347,26.0,100.0,100.0,0.2,99.0,96.0,3.0,14:56:24
,39.056454,67.348202,92.581347,26.0,100.0,101.0,0.2,99.0,96.0,3.0,14:56:24
,39.056454,67.348202,92.581347,26.0,100.0,101.0,0.2,99.0,96.0,3.0,14:56:25
,39.056454,67.348202,92.581347,26.0,100.0,101.0,0.2,98.0,96.0,3.0,14:56:25
,39.056454,67.348202,92.581347,26.0,100.0,101.0,0.2,98.0,96.0,3.0,14:56:26
,39.056454,67.348202,92.581347,26.0,100.0,101.0,0.2,98.0,96.0,3.0,14:56:26
,38.813961,67.348202,92.615845,23.0,100.0,101.0,0.2,98.0,96.0,3.0,14:56:27
,38.813961,68.310669,92.906823,23.0,100.0,101.0,0.2,99.0,96.0,4.0,14:56:27
,38.813961,68.310669,92.906823,23.0,100.0,101.0,0.2,99.0,96.0,4.0,14:56:28
,38.813961,68.310669,92.906823,23.0,100.0,100.0,0.2,99.0,96.0,4.0,14:56:28
,39.024734,68.310669,92.877997,23.0,100.0,100.0,0.2,99.0,96.0,4.0,14:56:29
,39.024734,68.310669,92.877997,23.0,100.0,101.0,0.2,98.0,97.0,4.0,14:56:29
,39.024734,68.277665,92.868225,23.0,100.0,101.0,0.2,98.0,97.0,4.0,14:56:30
,39.024734,68.277665,92.868225,23.0,100.0,100.0,0.2,98.0,97.0,4.0,14:56:30
,39.024734,68.277665,92.868225,23.0,100.0,100.0,0.2,98.0,97.0,4.0,14:56:31
,39.024734,68.277665,92.868225,23.0,100.0,100.0,0.2,98.0,97.0,4.0,14:56:31
,39.024734,68.277665,92.868225,21.0,100.0,100.0,0.2,98.0,97.0,4.0,14:56:32
,38.944069,68.277665,92.879266,21.0,100.0,101.0,0.2,98.0,97.0,4.0,14:56:32
,38.944069,68.277665,92.879266,21.0,100.0,101.0,0.2,98.0,97.0,4.0,14:56:33
,38.944069,68.614131,92.977944,21.0,100.0,100.0,0.2,99.0,98.0,5.0,14:56:33
,38.944069,68.614131,92.977944,21.0,100.0,100.0,0.2,99.0,98.0,5.0,14:56:34
,38.944069,68.614131,92.977944,21.0,100.0,101.0,0.2,99.0,98.0,5.0,14:56:34
,38.944069,68.614131,92.977944,21.0,100.0,101.0,0.2,99.0,98.0,5.0,14:56:35
,38.944069,68.614131,92.977944,21.0,100.0,101.0,0.2,98.0,96.0,4.0,14:56:35
,39.215557,68.614131,92.941321,19.0,100.0,101.0,0.2,98.0,96.0,4.0,14:56:36
,39.215557,68.633619,92.947012,19.0,100.0,99.0,0.2,98.0,96.0,4.0,14:56:36
,39.215557,68.633619,92.947012,19.0,100.0,99.0,0.2,98.0,96.0,4.0,14:56:37
,39.215557,68.633619,92.947012,19.0,100.0,99.0,0.2,97.0,94.0,3.0,14:56:37
,39.215557,68.633619,92.947012,19.0,100.0,99.0,0.2,97.0,94.0,3.0,14:56:38
,39.215557,68.633619,92.947012,19.0,100.0,95.0,0.2,97.0,94.0,3.0,14:56:38
,39.177639,68.633619,92.952118,19.0,100.0,95.0,0.2,97.0,94.0,3.0,14:56:39
,39.177639,68.633619,92.952118,19.0,100.0,96.0,0.2,98.0,94.0,3.0,14:56:39
,39.177639,69.364945,93.161357,19.0,100.0,96.0,0.2,98.0,94.0,3.0,14:56:40
,39.177639,69.364945,93.161357,19.0,100.0,96.0,0.2,98.0,94.0,3.0,14:56:40
,39.177639,69.364945,93.161357,19.0,100.0,96.0,0.2,98.0,94.0,3.0,14:56:41
,39.177639,69.364945,93.161357,19.0,100.0,97.0,0.2,98.0,94.0,3.0,14:56:41
,39.177639,69.364945,93.161357,20.0,100.0,97.0,0.2,98.0,94.0,3.0,14:56:42
,39.604534,69.364945,93.105646,20.0,100.0,96.0,0.2,98.0,94.0,3.0,14:56:42
,39.604534,68.364321,92.814983,20.0,100.0,96.0,0.2,98.0,95.0,4.0,14:56:43
,39.604534,68.364321,92.814983,20.0,100.0,96.0,0.2,97.0,95.0,11.0,14:56:43
,39.604534,68.364321,92.814983,20.0,100.0,96.0,0.2,97.0,95.0,11.0,14:56:44
,39.604534,68.364321,92.814983,20.0,99.0,96.0,0.2,97.0,95.0,11.0,14:56:44
,39.604534,68.364321,92.814983,19.0,99.0,96.0,0.2,97.0,95.0,11.0,14:56:45
,39.741901,68.364321,92.796353,19.0,98.0,94.0,0.2,97.0,95.0,7.0,14:56:45
,39.741901,68.188229,92.743459,19.0,98.0,94.0,0.2,97.0,95.0,7.0,14:56:46
,39.741901,68.188229,92.743459,19.0,97.0,96.0,0.2,97.0,95.0,7.0,14:56:46
,39.741901,68.188229,92.743459,19.0,97.0,96.0,0.2,97.0,95.0,7.0,14:56:47
,39.741901,68.188229,92.743459,19.0,96.0,96.0,0.2,95.0,96.0,3.0,14:56:47
,39.741901,68.188229,92.743459,19.0,96.0,96.0,0.2,95.0,96.0,3.0,14:56:48
,39.346325,68.188229,92.797552,19.0,96.0,95.0,0.2,95.0,96.0,3.0,14:56:48
,39.346325,68.188229,92.797552,19.0,96.0,95.0,0.2,95.0,96.0,3.0,14:56:49
,39.346325,68.375529,92.853384,19.0,95.0,95.0,0.2,95.0,96.0,3.0,14:56:49
,39.346325,68.375529,92.853384,19.0,95.0,95.0,0.2,95.0,96.0,3.0,14:56:50
,39.346325,68.375529,92.853384,19.0,94.0,94.0,0.2,95.0,96.0,3.0,14:56:50
,39.544594,68.375529,92.826457,21.0,94.0,94.0,0.2,95.0,96.0,3.0,14:56:51
,39.544594,68.468582,92.854091,21.0,94.0,93.0,0.2,95.0,96.0,3.0,14:56:51
,39.544594,68.468582,92.854091,23.0,94.0,93.0,0.2,95.0,96.0,3.0,14:56:52
,39.544594,68.468582,92.854091,21.0,94.0,93.0,0.2,95.0,96.0,3.0,14:56:52
,39.654739,68.468582,92.839208,22.0,94.0,93.0,0.2,95.0,96.0,3.0,14:56:53
,39.654739,67.445314,92.527049,22.0,94.0,93.0,0.2,95.0,93.0,3.0,14:56:53
,39.654739,67.445314,92.527049,22.0,94.0,93.0,0.2,95.0,93.0,3.0,14:56:54
,39.654739,67.445314,92.527049,22.0,94.0,93.0,0.2,95.0,93.0,3.0,14:56:54
,39.649158,67.445314,92.527835,24.0,94.0,93.0,0.2,95.0,93.0,3.0,14:56:55
,39.649158,67.648843,92.591278,24.0,94.0,93.0,0.2,95.0,94.0,3.0,14:56:55
,39.649158,67.648843,92.591278,24.0,94.0,93.0,0.2,95.0,94.0,3.0,14:56:56
,39.649158,67.648843,92.591278,24.0,94.0,93.0,0.2,95.0,94.0,3.0,14:56:56
,39.649158,67.648843,92.591278,24.0,94.0,93.0,0.2,95.0,94.0,3.0,14:56:57
,39.649158,67.648843,92.591278,24.0,94.0,93.0,0.2,95.0,94.0,3.0,14:56:57
,39.667328,67.648843,92.58874,24.0,94.0,93.0,0.2,95.0,94.0,3.0,14:56:58
,39.667328,67.793924,92.633561,24.0,94.0,93.0,0.2,95.0,94.0,3.0,14:56:58
,39.667328,67.793924,92.633561,24.0,94.0,93.0,0.2,95.0,94.0,3.0,14:56:59
,39.667328,67.793924,92.633561,24.0,94.0,93.0,0.2,94.0,95.0,3.0,14:56:59
,39.667328,67.793924,92.633561,24.0,94.0,93.0,0.2,94.0,95.0,3.0,14:57:00
,39.667328,67.793924,92.633561,24.0,94.0,93.0,0.2,94.0,95.0,3.0,14:57:00
,39.667328,67.793924,92.633561,24.0,94.0,93.0,0.2,94.0,95.0,3.0,14:57:01
,39.804413,67.793924,92.61454,24.0,95.0,93.0,0.2,95.0,97.0,6.0,14:57:01
,39.804413,67.643947,92.568082,24.0,95.0,93.0,0.2,95.0,97.0,6.0,14:57:02
,39.804413,67.643947,92.568082,24.0,95.0,94.0,0.2,95.0,97.0,6.0,14:57:02
,39.804413,67.643947,92.568082,24.0,95.0,94.0,0.2,95.0,97.0,6.0,14:57:03
,39.804413,67.643947,92.568082,24.0,95.0,96.0,0.2,95.0,96.0,4.0,14:57:03
,40.123653,67.643947,92.523595,23.0,95.0,96.0,0.2,95.0,96.0,4.0,14:57:04
,40.123653,67.643947,92.523595,23.0,95.0,95.0,0.2,95.0,96.0,4.0,14:57:04
,40.123653,67.145472,92.365568,23.0,95.0,95.0,0.2,95.0,96.0,4.0,14:57:05
,40.123653,67.145472,92.365568,24.0,95.0,95.0,0.2,95.0,96.0,3.0,14:57:05
,39.836246,67.145472,92.406444,23.0,95.0,95.0,0.2,95.0,96.0,3.0,14:57:06
,39.836246,67.145472,92.406444,23.0,95.0,96.0,0.2,95.0,96.0,3.0,14:57:06
,39.836246,66.877814,92.320292,23.0,95.0,96.0,0.2,95.0,96.0,3.0,14:57:07
,39.836246,66.877814,92.320292,23.0,95.0,96.0,0.2,96.0,95.0,4.0,14:57:07
,39.836246,66.877814,92.320292,23.0,95.0,96.0,0.2,96.0,95.0,4.0,14:57:08
,39.836246,66.877814,92.320292,23.0,95.0,96.0,0.2,96.0,95.0,4.0,14:57:08
,39.836246,66.877814,92.320292,23.0,95.0,96.0,0.2,96.0,95.0,4.0,14:57:09
,39.853836,66.877814,92.317759,21.0,95.0,95.0,0.2,96.0,97.0,4.0,14:57:09
,39.853836,67.439241,92.497118,21.0,95.0,95.0,0.2,96.0,97.0,4.0,14:57:10
,39.853836,67.439241,92.497118,21.0,95.0,97.0,0.2,96.0,97.0,4.0,14:57:10
,39.853836,67.439241,92.497118,23.0,95.0,97.0,0.2,96.0,97.0,4.0,14:57:11
,39.853836,67.439241,92.497118,21.0,95.0,97.0,0.2,96.0,97.0,4.0,14:57:11
,40.331051,67.439241,92.430124,22.0,95.0,97.0,0.2,96.0,97.0,4.0,14:57:12
,40.331051,67.291637,92.383082,22.0,96.0,97.0,0.2,96.0,97.0,4.0,14:57:12
,40.331051,67.291637,92.383082,22.0,96.0,97.0,0.2,96.0,97.0,4.0,14:57:13
,40.331051,67.291637,92.383082,22.0,97.0,98.0,0.2,96.0,97.0,3.0,14:57:13
,40.161301,67.291637,92.407027,24.0,97.0,98.0,0.2,96.0,97.0,3.0,14:57:14
,40.161301,66.945291,92.295521,24.0,98.0,100.0,0.2,96.0,97.0,3.0,14:57:14
,40.161301,66.945291,92.295521,24.0,98.0,100.0,0.2,96.0,97.0,3.0,14:57:15
,40.161301,66.945291,92.295521,24.0,98.0,100.0,0.2,96.0,96.0,3.0,14:57:15
,40.161301,66.945291,92.295521,24.0,98.0,100.0,0.2,96.0,96.0,3.0,14:57:16
,40.161301,66.945291,92.295521,24.0,98.0,100.0,0.2,96.0,96.0,3.0,14:57:16
,40.161301,66.945291,92.295521,24.0,98.0,100.0,0.2,96.0,96.0,3.0,14:57:17
,40.624348,66.945291,92.229343,23.0,98.0,99.0,0.2,96.0,97.0,4.0,14:57:17
,40.624348,66.371213,92.038308,23.0,98.0,99.0,0.2,96.0,97.0,4.0,14:57:18
,40.624348,66.371213,92.038308,23.0,98.0,98.0,0.2,96.0,97.0,4.0,14:57:18
,40.624348,66.371213,92.038308,23.0,98.0,98.0,0.2,96.0,97.0,4.0,14:57:19
,40.499725,66.371213,92.056521,23.0,98.0,98.0,0.2,96.0,98.0,3.0,14:57:19
,40.499725,66.371213,92.056521,23.0,98.0,98.0,0.2,96.0,98.0,3.0,14:57:20
,40.499725,66.5001,92.099828,23.0,97.0,97.0,0.2,96.0,98.0,3.0,14:57:20
,40.499725,66.5001,92.099828,23.0,97.0,97.0,0.2,96.0,98.0,3.0,14:57:21
,40.499725,66.5001,92.099828,23.0,96.0,97.0,0.2,96.0,98.0,3.0,14:57:21
,40.499725,66.5001,92.099828,23.0,96.0,97.0,0.2,96.0,98.0,3.0,14:57:22
,40.499725,66.5001,92.099828,23.0,96.0,97.0,0.2,96.0,98.0,3.0,14:57:22
,40.499725,66.5001,92.099828,23.0,96.0,97.0,0.2,96.0,98.0,3.0,14:57:23
,40.643654,66.5001,92.078907,22.0,96.0,98.0,0.2,96.0,97.0,3.0,14:57:23
,40.643654,66.372369,92.035879,22.0,96.0,98.0,0.2,96.0,97.0,3.0,14:57:24
,40.643654,66.372369,92.035879,22.0,96.0,100.0,0.2,96.0,97.0,3.0,14:57:24
,40.643654,66.372369,92.035879,22.0,96.0,100.0,0.2,96.0,97.0,3.0,14:57:25
,40.643654,66.372369,92.035879,22.0,96.0,100.0,0.2,96.0,95.0,3.0,14:57:25
,40.643654,66.372369,92.035879,22.0,96.0,100.0,0.2,96.0,95.0,3.0,14:57:26
,40.643654,66.372369,92.035879,22.0,96.0,98.0,0.2,96.0,95.0,3.0,14:57:26
,40.740555,66.372369,92.021734,20.0,96.0,98.0,0.2,96.0,95.0,3.0,14:57:27
,40.740555,66.078272,91.921357,20.0,97.0,97.0,0.2,96.0,95.0,3.0,14:57:27
,40.740555,66.078272,91.921357,20.0,97.0,97.0,0.2,96.0,95.0,3.0,14:57:28
,40.740555,66.078272,91.921357,20.0,97.0,97.0,0.2,96.0,95.0,3.0,14:57:28
,40.740555,66.078272,91.921357,20.0,97.0,97.0,0.2,96.0,95.0,3.0,14:57:29
,40.740555,66.078272,91.921357,20.0,98.0,97.0,0.2,96.0,96.0,3.0,14:57:29
,40.740555,66.078272,91.921357,20.0,98.0,97.0,0.2,96.0,96.0,3.0,14:57:30
,40.740555,66.078272,91.921357,20.0,98.0,95.0,0.2,96.0,96.0,3.0,14:57:30
,41.116814,66.078272,91.865865,18.0,98.0,95.0,0.2,96.0,96.0,3.0,14:57:31
,41.116814,65.503387,91.663653,18.0,98.0,95.0,0.2,96.0,96.0,3.0,14:57:31
,41.116814,65.503387,91.663653,18.0,98.0,95.0,0.2,96.0,96.0,3.0,14:57:32
,41.116814,65.503387,91.663653,18.0,98.0,96.0,0.2,96.0,96.0,3.0,14:57:32
,41.116814,65.503387,91.663653,18.0,98.0,96.0,0.2,96.0,96.0,3.0,14:57:33
,41.116814,65.503387,91.663653,18.0,98.0,97.0,0.2,96.0,96.0,4.0,14:57:33
,41.116814,65.503387,91.663653,18.0,98.0,97.0,0.2,96.0,96.0,4.0,14:57:34
,41.116814,65.503387,91.663653,18.0,98.0,97.0,0.2,96.0,96.0,4.0,14:57:34
,41.368679,65.503387,91.625708,18.0,98.0,97.0,0.2,96.0,96.0,4.0,14:57:35
,41.368679,65.23186,91.527559,18.0,98.0,96.0,0.2,96.0,95.0,4.0,14:57:35
,41.368679,65.23186,91.527559,18.0,98.0,96.0,0.2,96.0,95.0,4.0,14:57:36
14.0,41.368679,65.23186,91.527559,18.0,98.0,96.0,0.2,96.0,95.0,4.0,14:57:36
14.0,41.368679,65.23186,91.527559,18.0,98.0,96.0,0.2,96.0,95.0,4.0,14:57:37
14.0,41.368679,65.23186,91.527559,18.0,97.0,95.0,0.2,96.0,96.0,3.0,14:57:37
14.0,41.532173,65.23186,91.502691,17.0,97.0,95.0,0.2,96.0,96.0,3.0,14:57:38
14.0,41.532173,65.318154,91.53413,17.0,97.0,94.0,0.2,96.0,96.0,3.0,14:57:38
,41.532173,65.318154,91.53413,17.0,97.0,94.0,0.2,96.0,96.0,3.0,14:57:39
,41.532173,65.318154,91.53413,17.0,97.0,94.0,0.2,95.0,97.0,3.0,14:57:39
,41.532173,65.318154,91.53413,17.0,97.0,94.0,0.2,95.0,97.0,3.0,14:57:40
,41.532173,65.318154,91.53413,17.0,97.0,95.0,0.2,95.0,97.0,3.0,14:57:40
,41.380077,65.318154,91.55718,17.0,97.0,95.0,0.2,95.0,97.0,3.0,14:57:41
,41.380077,65.056531,91.461663,17.0,97.0,97.0,0.2,95.0,97.0,3.0,14:57:41
,41.380077,65.056531,91.461663,17.0,97.0,97.0,0.2,95.0,97.0,3.0,14:57:42
,41.380077,65.056531,91.461663,17.0,97.0,97.0,0.2,95.0,97.0,3.0,14:57:42
,41.380077,65.056531,91.461663,17.0,97.0,97.0,0.2,95.0,97.0,3.0,14:57:43
,41.380077,65.056531,91.461663,17.0,97.0,97.0,0.2,95.0,96.0,4.0,14:57:43
,41.104134,65.056531,91.504014,18.0,97.0,97.0,0.2,95.0,96.0,4.0,14:57:44
,41.104134,65.056531,91.504014,18.0,97.0,96.0,0.2,95.0,96.0,4.0,14:57:44
,41.104134,65.511047,91.668301,18.0,97.0,96.0,0.2,95.0,96.0,4.0,14:57:45
,41.104134,65.511047,91.668301,18.0,97.0,96.0,0.2,96.0,95.0,4.0,14:57:45
,41.104134,65.511047,91.668301,18.0,97.0,96.0,0.2,96.0,95.0,4.0,14:57:46
,41.365429,65.511047,91.628945,19.0,98.0,98.0,0.2,96.0,95.0,4.0,14:57:46
,41.365429,65.511047,91.628945,19.0,98.0,98.0,0.2,96.0,95.0,4.0,14:57:47
,41.365429,64.748418,91.34969,19.0,98.0,97.0,0.2,96.0,96.0,4.0,14:57:47
,41.365429,64.748418,91.34969,19.0,98.0,97.0,0.2,96.0,96.0,4.0,14:57:48
,41.365429,64.748418,91.34969,19.0,98.0,97.0,0.2,96.0,96.0,4.0,14:57:48
,41.365429,64.748418,91.34969,19.0,98.0,97.0,0.2,96.0,96.0,4.0,14:57:49
,41.365429,64.748418,91.34969,19.0,98.0,97.0,0.2,97.0,98.0,4.0,14:57:49
,41.431629,64.748418,91.339412,20.0,98.0,97.0,0.2,97.0,98.0,4.0,14:57:50
,41.431629,65.029517,91.443812,20.0,98.0,97.0,0.2,97.0,98.0,4.0,14:57:50
,41.431629,65.029517,91.443812,20.0,98.0,97.0,0.2,97.0,98.0,4.0,14:57:51
,41.431629,65.029517,91.443812,20.0,98.0,97.0,0.2,97.0,98.0,4.0,14:57:51
,41.431629,65.029517,91.443812,20.0,98.0,97.0,0.2,97.0,98.0,4.0,14:57:52
,41.573368,65.029517,91.42208,21.0,97.0,98.0,0.2,97.0,98.0,4.0,14:57:52
,41.573368,65.029517,91.42208,21.0,97.0,98.0,0.2,97.0,98.0,4.0,14:57:53
,41.573368,64.535772,91.237182,21.0,97.0,97.0,0.2,96.0,96.0,3.0,14:57:53
,41.573368,64.535772,91.237182,21.0,97.0,97.0,0.2,96.0,96.0,3.0,14:57:54
,41.573368,64.535772,91.237182,21.0,97.0,97.0,0.2,96.0,96.0,3.0,14:57:54
,41.573368,64.535772,91.237182,21.0,97.0,97.0,0.2,96.0,96.0,3.0,14:57:55
,41.573368,64.535772,91.237182,21.0,97.0,97.0,0.2,96.0,97.0,3.0,14:57:55
,41.607048,64.535772,91.231914,20.0,97.0,97.0,0.2,96.0,97.0,3.0,14:57:56
,41.607048,64.784412,91.325701,20.0,97.0,97.0,0.2,96.0,97.0,3.0,14:57:56
,41.607048,64.784412,91.325701,20.0,97.0,97.0,0.2,96.0,97.0,3.0,14:57:57
,41.607048,64.784412,91.325701,20.0,97.0,97.0,0.2,96.0,97.0,4.0,14:57:57
,41.607048,64.784412,91.325701,20.0,97.0,97.0,0.2,96.0,97.0,4.0,14:57:58
,41.607048,64.784412,91.325701,20.0,97.0,97.0,0.2,96.0,97.0,4.0,14:57:58
,41.708099,64.784412,91.310069,21.0,97.0,97.0,0.2,96.0,97.0,4.0,14:57:59
,41.708099,64.526687,91.212662,21.0,96.0,96.0,0.2,96.0,96.0,3.0,14:57:59
,41.708099,64.526687,91.212662,21.0,96.0,96.0,0.2,96.0,96.0,3.0,14:58:00
,41.708099,64.526687,91.212662,21.0,96.0,96.0,0.2,96.0,96.0,3.0,14:58:00
,41.708099,64.526687,91.212662,21.0,96.0,96.0,0.2,96.0,96.0,3.0,14:58:01
,41.620678,64.526687,91.226331,20.0,96.0,96.0,0.2,96.0,97.0,14.0,14:58:01
,41.620678,64.879011,91.35895,20.0,96.0,96.0,0.2,96.0,97.0,14.0,14:58:02
,41.620678,64.879011,91.35895,20.0,96.0,97.0,0.2,96.0,97.0,14.0,14:58:02
,41.620678,64.879011,91.35895,20.0,96.0,97.0,0.2,96.0,97.0,14.0,14:58:03
,41.620678,64.879011,91.35895,20.0,96.0,97.0,0.2,96.0,98.0,4.0,14:58:03
,41.620678,64.879011,91.35895,20.0,96.0,97.0,0.2,96.0,98.0,4.0,14:58:04
,40.943474,64.879011,91.463625,21.0,96.0,97.0,0.2,96.0,98.0,4.0,14:58:04
,40.943474,64.879011,91.463625,21.0,96.0,97.0,0.2,96.0,98.0,4.0,14:58:05
,40.943474,64.875052,91.462166,21.0,96.0,97.0,0.2,96.0,98.0,3.0,14:58:05
,40.943474,64.875052,91.462166,21.0,96.0,97.0,0.2,96.0,98.0,3.0,14:58:06
,40.943474,64.875052,91.462166,21.0,96.0,98.0,0.2,96.0,98.0,3.0,14:58:06
,40.943474,64.875052,91.462166,21.0,96.0,98.0,0.2,96.0,98.0,3.0,14:58:07
,40.943474,64.875052,91.462166,21.0,96.0,98.0,0.2,96.0,99.0,4.0,14:58:07
,40.926666,64.875052,91.464772,20.0,96.0,98.0,0.2,96.0,99.0,4.0,14:58:08
,40.926666,64.478082,91.316924,20.0,96.0,98.0,0.2,96.0,99.0,4.0,14:58:08
,40.926666,64.478082,91.316924,20.0,96.0,98.0,0.2,96.0,99.0,4.0,14:58:09
,40.926666,64.478082,91.316924,20.0,96.0,98.0,0.2,96.0,97.0,4.0,14:58:09
,40.926666,64.478082,91.316924,20.0,96.0,98.0,0.2,96.0,97.0,4.0,14:58:10
,40.926666,64.478082,91.316924,20.0,96.0,99.0,0.2,96.0,97.0,4.0,14:58:10
,40.791096,64.478082,91.338307,21.0,96.0,99.0,0.2,96.0,97.0,4.0,14:58:11
15.0,40.791096,64.560006,91.369009,21.0,96.0,98.0,0.2,96.0,97.0,4.0,14:58:11
15.0,40.791096,64.560006,91.369009,21.0,96.0,98.0,0.2,96.0,97.0,4.0,14:58:12
15.0,40.791096,64.560006,91.369009,21.0,96.0,98.0,0.2,96.0,97.0,4.0,14:58:12
15.0,40.791096,64.560006,91.369009,21.0,96.0,98.0,0.2,96.0,97.0,4.0,14:58:13
15.0,40.468952,64.560006,91.419744,21.0,95.0,97.0,0.2,96.0,99.0,3.0,14:58:13
,40.468952,64.560006,91.419744,21.0,95.0,97.0,0.2,96.0,99.0,3.0,14:58:14
,40.468952,64.96687,91.569346,21.0,95.0,97.0,0.2,96.0,99.0,3.0,14:58:14
,40.468952,64.96687,91.569346,21.0,95.0,97.0,0.2,96.0,99.0,3.0,14:58:15
,40.468952,64.96687,91.569346,21.0,95.0,97.0,0.2,96.0,97.0,4.0,14:58:15
,40.468952,64.96687,91.569346,21.0,95.0,97.0,0.2,96.0,97.0,4.0,14:58:16
,40.468952,64.96687,91.569346,21.0,95.0,98.0,0.2,96.0,97.0,4.0,14:58:16
,40.284107,64.96687,91.598028,20.0,95.0,98.0,0.2,96.0,97.0,4.0,14:58:17
,40.284107,64.96687,91.598028,20.0,95.0,98.0,0.2,96.0,99.0,4.0,14:58:17
,40.284107,65.242013,91.697004,20.0,95.0,98.0,0.2,96.0,99.0,4.0,14:58:18
,40.284107,65.242013,91.697004,20.0,96.0,98.0,0.2,96.0,99.0,4.0,14:58:18
,40.284107,65.242013,91.697004,20.0,96.0,98.0,0.2,96.0,99.0,4.0,14:58:19
,40.284107,65.242013,91.697004,20.0,96.0,99.0,0.2,96.0,99.0,3.0,14:58:19
,40.284107,65.242013,91.697004,20.0,96.0,99.0,0.2,96.0,99.0,3.0,14:58:20
,40.516068,65.242013,91.66143,20.0,96.0,99.0,0.2,96.0,99.0,3.0,14:58:20
,40.516068,65.170518,91.635747,20.0,96.0,99.0,0.2,96.0,99.0,3.0,14:58:21
,40.516068,65.170518,91.635747,20.0,96.0,99.0,0.2,96.0,99.0,3.0,14:58:21
,40.516068,65.170518,91.635747,20.0,96.0,99.0,0.2,96.0,99.0,3.0,14:58:22
,40.516068,65.170518,91.635747,20.0,96.0,100.0,0.2,96.0,99.0,3.0,14:58:22
,40.516068,65.170518,91.635747,20.0,96.0,100.0,0.2,96.0,98.0,3.0,14:58:23
,40.254108,65.170518,91.676047,20.0,96.0,99.0,0.2,95.0,100.0,13.0,14:58:23
,40.254108,65.380389,91.750803,20.0,96.0,99.0,0.2,95.0,100.0,13.0,14:58:24
,40.254108,65.380389,91.750803,20.0,96.0,100.0,0.2,95.0,100.0,13.0,14:58:24
,40.254108,65.380389,91.750803,20.0,96.0,100.0,0.2,95.0,100.0,13.0,14:58:25
,40.254108,65.380389,91.750803,20.0,96.0,100.0,0.2,95.0,98.0,5.0,14:58:25
,40.254108,65.380389,91.750803,20.0,96.0,100.0,0.2,95.0,98.0,5.0,14:58:26
,40.254108,65.380389,91.750803,20.0,96.0,100.0,0.2,95.0,98.0,5.0,14:58:26
,40.860718,65.380389,91.658426,19.0,96.0,100.0,0.2,95.0,98.0,5.0,14:58:27
,40.860718,65.005542,91.522849,19.0,96.0,99.0,0.2,95.0,98.0,4.0,14:58:27
,40.860718,65.005542,91.522849,19.0,96.0,99.0,0.2,95.0,98.0,4.0,14:58:28
,40.860718,65.005542,91.522849,19.0,96.0,99.0,0.2,95.0,98.0,4.0,14:58:28
,40.860718,65.005542,91.522849,19.0,96.0,99.0,0.2,95.0,98.0,4.0,14:58:29
,40.489838,65.005542,91.580161,19.0,96.0,98.0,0.2,96.0,98.0,4.0,14:58:29
,40.489838,65.385968,91.716834,19.0,96.0,98.0,0.2,96.0,98.0,4.0,14:58:30
,40.489838,65.385968,91.716834,19.0,96.0,98.0,0.2,96.0,98.0,4.0,14:58:30
,40.489838,65.385968,91.716834,19.0,96.0,98.0,0.2,96.0,98.0,4.0,14:58:31
,40.489838,65.385968,91.716834,19.0,96.0,98.0,0.2,96.0,98.0,4.0,14:58:31
,40.489838,65.385968,91.716834,19.0,96.0,98.0,0.2,96.0,98.0,4.0,14:58:32
,40.489838,65.385968,91.716834,19.0,96.0,98.0,0.2,96.0,98.0,4.0,14:58:32
,40.355206,65.385968,91.737355,19.0,96.0,98.0,0.2,96.0,98.0,4.0,14:58:33
,40.355206,65.88417,91.911704,19.0,96.0,98.0,0.2,96.0,99.0,4.0,14:58:33
,40.355206,65.88417,91.911704,19.0,96.0,98.0,0.2,96.0,99.0,4.0,14:58:34
,40.355206,65.88417,91.911704,19.0,96.0,98.0,0.2,96.0,99.0,4.0,14:58:34
,40.355206,65.88417,91.911704,19.0,96.0,98.0,0.2,96.0,99.0,4.0,14:58:35
,40.355206,65.88417,91.911704,19.0,96.0,98.0,0.2,96.0,99.0,3.0,14:58:35
,40.298748,65.88417,91.920139,19.0,96.0,98.0,0.2,96.0,99.0,3.0,14:58:36
,40.298748,65.809816,91.894442,19.0,96.0,97.0,0.2,96.0,99.0,3.0,14:58:36
,40.298748,65.809816,91.894442,19.0,96.0,97.0,0.2,96.0,99.0,3.0,14:58:37
,40.298748,65.809816,91.894442,19.0,96.0,97.0,0.2,95.0,99.0,3.0,14:58:37
,40.298748,65.809816,91.894442,19.0,96.0,97.0,0.2,95.0,99.0,3.0,14:58:38
,40.298748,65.809816,91.894442,19.0,96.0,99.0,0.2,95.0,99.0,3.0,14:58:38
,40.272038,65.809816,91.898447,19.0,96.0,99.0,0.2,95.0,99.0,3.0,14:58:39
,40.272038,65.809816,91.898447,19.0,96.0,99.0,0.2,95.0,99.0,4.0,14:58:39
,40.272038,66.224373,92.040341,19.0,96.0,99.0,0.2,95.0,99.0,4.0,14:58:40
,40.272038,66.224373,92.040341,19.0,96.0,99.0,0.2,95.0,99.0,4.0,14:58:40
,40.272038,66.224373,92.040341,19.0,96.0,99.0,0.2,95.0,99.0,4.0,14:58:41
,40.272038,66.224373,92.040341,19.0,96.0,100.0,0.2,95.0,99.0,3.0,14:58:41
,40.167793,66.224373,92.055712,20.0,96.0,100.0,0.2,95.0,99.0,3.0,14:58:42
,40.167793,66.216895,92.053185,20.0,96.0,98.0,0.2,95.0,99.0,3.0,14:58:42
,40.167793,66.216895,92.053185,20.0,96.0,98.0,0.2,95.0,99.0,3.0,14:58:43
,40.167793,66.216895,92.053185,20.0,96.0,98.0,0.2,95.0,99.0,4.0,14:58:43
,40.167793,66.216895,92.053185,20.0,96.0,98.0,0.2,95.0,99.0,4.0,14:58:44
,40.167793,66.216895,92.053185,20.0,96.0,100.0,0.2,95.0,99.0,4.0,14:58:44
,40.167793,66.216895,92.053185,20.0,96.0,100.0,0.2,95.0,99.0,4.0,14:58:45
,39.9856,66.216895,92.08009,20.0,96.0,100.0,0.2,95.0,101.0,3.0,14:58:45
,39.9856,66.958463,92.324963,20.0,96.0,100.0,0.2,95.0,101.0,3.0,14:58:46
,39.9856,66.958463,92.324963,20.0,96.0,100.0,0.2,95.0,101.0,3.0,14:58:46
16.0,39.9856,66.958463,92.324963,20.0,96.0,100.0,0.2,95.0,101.0,3.0,14:58:47
16.0,39.9856,66.958463,92.324963,20.0,96.0,101.0,0.2,95.0,100.0,3.0,14:58:47
16.0,39.9856,66.958463,92.324963,20.0,96.0,101.0,0.2,95.0,100.0,3.0,14:58:48
16.0,40.135204,66.958463,92.303535,20.0,96.0,101.0,0.2,95.0,100.0,3.0,14:58:48
16.0,40.135204,66.644551,92.200789,20.0,96.0,101.0,0.2,95.0,100.0,3.0,14:58:49
16.0,40.135204,66.644551,92.200789,20.0,96.0,101.0,0.2,95.0,102.0,4.0,14:58:49
16.0,40.135204,66.644551,92.200789,20.0,96.0,101.0,0.2,95.0,102.0,4.0,14:58:50
16.0,40.135204,66.644551,92.200789,20.0,96.0,102.0,0.2,95.0,102.0,4.0,14:58:50
16.0,40.135204,66.644551,92.200789,20.0,96.0,102.0,0.2,95.0,102.0,4.0,14:58:51
16.0,40.511887,66.644551,92.146251,20.0,96.0,102.0,0.2,95.0,102.0,4.0,14:58:51
16.0,40.511887,66.173232,91.987617,20.0,96.0,102.0,0.2,95.0,102.0,4.0,14:58:52
16.0,40.511887,66.173232,91.987617,20.0,96.0,102.0,0.2,95.0,102.0,4.0,14:58:52
16.0,40.511887,66.173232,91.987617,20.0,96.0,102.0,0.2,95.0,102.0,4.0,14:58:53
16.0,40.511887,66.173232,91.987617,20.0,96.0,104.0,0.2,95.0,102.0,3.0,14:58:53
,40.511887,66.173232,91.987617,20.0,96.0,104.0,0.2,95.0,102.0,3.0,14:58:54
,40.570297,66.173232,91.979009,20.0,96.0,104.0,0.2,95.0,102.0,3.0,14:58:54
,40.570297,66.526506,92.098414,20.0,96.0,104.0,0.2,95.0,102.0,3.0,14:58:55
,40.570297,66.526506,92.098414,20.0,96.0,104.0,0.2,95.0,101.0,4.0,14:58:55
,40.570297,66.526506,92.098414,20.0,96.0,104.0,0.2,95.0,101.0,4.0,14:58:56
,40.570297,66.526506,92.098414,20.0,96.0,103.0,0.2,95.0,101.0,4.0,14:58:56
,40.570297,66.526506,92.098414,20.0,96.0,103.0,0.2,95.0,101.0,4.0,14:58:57
,40.438477,66.526506,92.117565,20.0,96.0,103.0,0.2,95.0,101.0,3.0,14:58:57
,40.438477,66.243676,92.022377,20.0,96.0,103.0,0.2,95.0,101.0,3.0,14:58:58
,40.438477,66.243676,92.022377,20.0,96.0,103.0,0.2,95.0,101.0,3.0,14:58:58
,40.438477,66.243676,92.022377,20.0,96.0,103.0,0.2,95.0,101.0,3.0,14:58:59
,40.438477,66.243676,92.022377,20.0,96.0,102.0,0.2,95.0,101.0,3.0,14:58:59
,40.438477,66.243676,92.022377,20.0,96.0,102.0,0.2,95.0,101.0,3.0,14:59:00
,40.372169,66.243676,92.032131,20.0,96.0,102.0,0.2,95.0,101.0,3.0,14:59:00
,40.372169,66.126211,91.992217,20.0,96.0,102.0,0.2,95.0,101.0,3.0,14:59:01
,40.372169,66.126211,91.992217,20.0,96.0,101.0,0.2,95.0,101.0,3.0,14:59:01
,40.372169,66.126211,91.992217,20.0,96.0,101.0,0.2,95.0,101.0,3.0,14:59:02
,40.372169,66.126211,91.992217,20.0,96.0,101.0,0.2,95.0,101.0,3.0,14:59:02
,40.372169,66.126211,91.992217,20.0,96.0,101.0,0.2,95.0,101.0,3.0,14:59:03
,40.372169,66.126211,91.992217,20.0,97.0,101.0,0.2,95.0,102.0,4.0,14:59:03
,40.876595,66.126211,91.917784,20.0,97.0,101.0,0.2,95.0,102.0,4.0,14:59:04
,40.876595,66.110761,91.912468,20.0,97.0,101.0,0.2,95.0,102.0,4.0,14:59:04
,40.876595,66.110761,91.912468,20.0,97.0,101.0,0.2,95.0,102.0,4.0,14:59:05
,40.876595,66.110761,91.912468,20.0,97.0,102.0,0.2,95.0,99.0,4.0,14:59:05
,40.876595,66.110761,91.912468,20.0,97.0,102.0,0.2,95.0,99.0,4.0,14:59:06
,40.429504,66.110761,91.978467,20.0,97.0,102.0,0.2,95.0,99.0,4.0,14:59:06
,40.429504,66.110761,91.978467,20.0,97.0,102.0,0.2,95.0,99.0,4.0,14:59:07
,40.429504,66.12202,91.982311,20.0,97.0,101.0,0.2,95.0,100.0,3.0,14:59:07
,40.429504,66.12202,91.982311,20.0,97.0,101.0,0.2,95.0,100.0,3.0,14:59:08
,40.429504,66.12202,91.982311,20.0,96.0,100.0,0.2,95.0,100.0,3.0,14:59:08
,40.429504,66.12202,91.982311,20.0,96.0,100.0,0.2,95.0,100.0,3.0,14:59:09
,40.429504,66.12202,91.982311,20.0,96.0,100.0,0.2,95.0,101.0,4.0,14:59:09
,40.284901,66.12202,92.003699,20.0,96.0,100.0,0.2,95.0,101.0,4.0,14:59:10
,40.284901,65.839851,91.906908,20.0,96.0,100.0,0.2,95.0,101.0,4.0,14:59:10
,40.284901,65.839851,91.906908,20.0,96.0,100.0,0.2,95.0,101.0,4.0,14:59:11
,40.284901,65.839851,91.906908,20.0,96.0,100.0,0.2,95.0,101.0,4.0,14:59:11
,40.284901,65.839851,91.906908,20.0,96.0,100.0,0.2,95.0,101.0,4.0,14:59:12
,40.284901,65.839851,91.906908,20.0,96.0,100.0,0.2,95.0,101.0,4.0,14:59:12
,40.257515,65.839851,91.91101,20.0,96.0,100.0,0.2,95.0,101.0,4.0,14:59:13
,40.257515,66.222799,92.041949,20.0,96.0,100.0,0.2,95.0,99.0,4.0,14:59:13
,40.257515,66.222799,92.041949,20.0,96.0,100.0,0.2,95.0,99.0,4.0,14:59:14
,40.257515,66.222799,92.041949,20.0,96.0,100.0,0.2,95.0,99.0,4.0,14:59:14
,40.257515,66.222799,92.041949,20.0,96.0,100.0,0.2,95.0,99.0,4.0,14:59:15
,40.257515,66.222799,92.041949,20.0,96.0,101.0,0.2,95.0,100.0,3.0,14:59:15
,40.073124,66.222799,92.069152,19.0,96.0,101.0,0.2,95.0,100.0,3.0,14:59:16
,40.073124,66.629658,92.204882,19.0,96.0,101.0,0.2,95.0,100.0,3.0,14:59:16
,40.073124,66.629658,92.204882,19.0,96.0,101.0,0.2,95.0,100.0,3.0,14:59:17
,40.073124,66.629658,92.204882,19.0,96.0,101.0,0.2,95.0,100.0,3.0,14:59:17
,40.073124,66.629658,92.204882,19.0,96.0,101.0,0.2,95.0,100.0,3.0,14:59:18
,40.073124,66.629658,92.204882,19.0,96.0,102.0,0.2,95.0,100.0,3.0,14:59:18
,40.073124,66.629658,92.204882,19.0,96.0,102.0,0.2,95.0,100.0,3.0,14:59:19
,40.61665,66.629658,92.126152,19.0,96.0,101.0,0.2,95.0,99.0,4.0,14:59:19
,40.61665,66.629658,92.126152,19.0,96.0,101.0,0.2,95.0,99.0,4.0,14:59:20
,40.61665,65.699588,91.808345,19.0,96.0,101.0,0.2,95.0,99.0,4.0,14:59:20
,40.61665,65.699588,91.808345,19.0,96.0,101.0,0.2,95.0,99.0,4.0,14:59:21
,40.61665,65.699588,91.808345,19.0,96.0,99.0,0.2,95.0,97.0,4.0,14:59:21
,40.61665,65.699588,91.808345,19.0,96.0,99.0,0.2,95.0,97.0,4.0,14:59:22
,40.61665,65.699588,91.808345,19.0,96.0,99.0,0.2,95.0,97.0,4.0,14:59:22
,40.515808,65.699588,91.823498,19.0,96.0,99.0,0.2,95.0,97.0,4.0,14:59:23
,40.515808,66.139266,91.97545,19.0,96.0,98.0,0.2,95.0,99.0,3.0,14:59:23
,40.515808,66.139266,91.97545,19.0,96.0,98.0,0.2,95.0,99.0,3.0,14:59:24
,40.515808,66.139266,91.97545,19.0,96.0,97.0,0.2,95.0,99.0,3.0,14:59:24
17.0,40.515808,66.139266,91.97545,19.0,96.0,97.0,0.2,95.0,99.0,3.0,14:59:25
17.0,40.515808,66.139266,91.97545,19.0,96.0,98.0,0.2,95.0,99.0,4.0,14:59:25
17.0,40.79306,66.139266,91.934572,19.0,96.0,98.0,0.2,95.0,99.0,4.0,14:59:26
17.0,40.79306,66.061833,91.907941,19.0,96.0,97.0,0.2,95.0,99.0,4.0,14:59:26
17.0,40.79306,66.061833,91.907941,19.0,96.0,97.0,0.2,95.0,99.0,4.0,14:59:27
17.0,40.79306,66.061833,91.907941,19.0,96.0,98.0,0.2,96.0,98.0,4.0,14:59:27
17.0,40.79306,66.061833,91.907941,19.0,96.0,98.0,0.2,96.0,98.0,4.0,14:59:28
17.0,40.79306,66.061833,91.907941,19.0,96.0,98.0,0.2,96.0,98.0,4.0,14:59:28
17.0,40.79306,66.061833,91.907941,19.0,96.0,98.0,0.2,96.0,98.0,4.0,14:59:29
17.0,40.630627,66.061833,91.931956,18.0,96.0,99.0,0.2,96.0,99.0,3.0,14:59:29
17.0,40.630627,66.061833,91.931956,18.0,96.0,99.0,0.2,96.0,99.0,3.0,14:59:30
,40.630627,65.652197,91.789616,18.0,96.0,99.0,0.2,96.0,99.0,3.0,14:59:30
,40.630627,65.652197,91.789616,18.0,96.0,99.0,0.2,96.0,99.0,3.0,14:59:31
,40.630627,65.652197,91.789616,18.0,96.0,99.0,0.2,96.0,99.0,3.0,14:59:31
,40.630627,65.652197,91.789616,18.0,96.0,99.0,0.2,96.0,99.0,3.0,14:59:32
,40.630627,65.652197,91.789616,18.0,96.0,98.0,0.2,96.0,99.0,3.0,14:59:32
,40.500427,65.652197,91.809219,18.0,96.0,98.0,0.2,96.0,99.0,3.0,14:59:33
,40.500427,66.016412,91.935637,18.0,97.0,99.0,0.2,96.0,101.0,3.0,14:59:33
,40.500427,66.016412,91.935637,18.0,97.0,99.0,0.2,96.0,101.0,3.0,14:59:34
,40.500427,66.016412,91.935637,18.0,97.0,99.0,0.2,96.0,101.0,3.0,14:59:34
,40.500427,66.016412,91.935637,18.0,97.0,99.0,0.2,96.0,101.0,3.0,14:59:35
,40.500427,66.016412,91.935637,18.0,97.0,100.0,0.2,96.0,102.0,4.0,14:59:35
,40.583279,66.016412,91.923347,19.0,97.0,100.0,0.2,96.0,102.0,4.0,14:59:36
,40.583279,66.623656,92.128977,19.0,97.0,102.0,0.2,96.0,102.0,4.0,14:59:36
,40.583279,66.623656,92.128977,19.0,97.0,102.0,0.2,96.0,102.0,4.0,14:59:37
,40.583279,66.623656,92.128977,19.0,97.0,102.0,0.2,96.0,102.0,3.0,14:59:37
,40.583279,66.623656,92.128977,19.0,97.0,102.0,0.2,96.0,102.0,3.0,14:59:38
,40.583279,66.623656,92.128977,19.0,97.0,103.0,0.2,96.0,102.0,3.0,14:59:38
,40.583279,66.623656,92.128977,19.0,97.0,103.0,0.2,96.0,102.0,3.0,14:59:39
,40.806519,66.623656,92.096725,19.0,97.0,103.0,0.2,96.0,102.0,4.0,14:59:39
,40.806519,66.623656,92.096725,19.0,97.0,103.0,0.2,96.0,102.0,4.0,14:59:40
,40.806519,65.305231,91.639724,19.0,97.0,103.0,0.2,96.0,102.0,4.0,14:59:40
,40.806519,65.305231,91.639724,19.0,97.0,103.0,0.2,96.0,102.0,4.0,14:59:41
,40.806519,65.305231,91.639724,19.0,97.0,103.0,0.2,96.0,100.0,4.0,14:59:41
,40.806519,65.305231,91.639724,19.0,97.0,103.0,0.2,96.0,100.0,4.0,14:59:42
,40.806519,65.305231,91.639724,19.0,97.0,102.0,0.2,96.0,100.0,4.0,14:59:42
,40.806519,65.305231,91.639724,19.0,97.0,102.0,0.2,96.0,100.0,4.0,14:59:43
,41.006088,65.305231,91.609326,17.0,97.0,101.0,0.2,96.0,101.0,4.0,14:59:43
,41.006088,65.305231,91.609326,17.0,97.0,101.0,0.2,96.0,101.0,4.0,14:59:44
,41.006088,65.117703,91.541395,17.0,96.0,101.0,0.2,96.0,101.0,4.0,14:59:44
,41.006088,65.117703,91.541395,17.0,96.0,101.0,0.2,96.0,101.0,4.0,14:59:45
,41.006088,65.117703,91.541395,17.0,96.0,101.0,0.2,96.0,99.0,3.0,14:59:45
,41.006088,65.117703,91.541395,17.0,96.0,101.0,0.2,96.0,99.0,3.0,14:59:46
,41.006088,65.117703,91.541395,17.0,96.0,101.0,0.2,96.0,99.0,3.0,14:59:46
,41.006088,65.117703,91.541395,17.0,96.0,101.0,0.2,96.0,99.0,3.0,14:59:47
,40.914562,65.117703,91.555439,17.0,96.0,99.0,0.2,96.0,99.0,4.0,14:59:47
,40.914562,65.117703,91.555439,17.0,96.0,99.0,0.2,96.0,99.0,4.0,14:59:48
,40.914562,65.117703,91.555439,17.0,97.0,99.0,0.2,96.0,99.0,4.0,14:59:48
,40.914562,58.132022,88.453357,17.0,97.0,99.0,0.2,96.0,99.0,4.0,14:59:49
,40.914562,58.132022,88.453357,17.0,97.0,99.0,0.2,96.0,99.0,3.0,14:59:49
,40.914562,58.132022,88.453357,17.0,97.0,99.0,0.2,96.0,99.0,3.0,14:59:50
,40.914562,58.132022,88.453357,17.0,97.0,98.0,0.2,96.0,99.0,3.0,14:59:50
,40.914562,58.132022,88.453357,17.0,97.0,98.0,0.2,96.0,99.0,3.0,14:59:51
,39.226212,58.132022,88.804651,17.0,97.0,98.0,0.2,96.0,99.0,3.0,14:59:51
,39.226212,58.132022,88.804651,17.0,97.0,98.0,0.2,96.0,99.0,3.0,14:59:52
,39.226212,57.713919,88.583571,17.0,97.0,98.0,0.2,96.0,99.0,3.0,14:59:52
,39.226212,57.713919,88.583571,17.0,97.0,98.0,0.2,96.0,99.0,3.0,14:59:53
,39.226212,57.713919,88.583571,17.0,97.0,101.0,0.2,96.0,101.0,3.0,14:59:53
,39.226212,57.713919,88.583571,17.0,97.0,101.0,0.2,96.0,101.0,3.0,14:59:54
,38.078758,57.713919,88.830003,17.0,97.0,103.0,0.2,96.0,101.0,3.0,14:59:54
,38.078758,55.071224,87.330784,17.0,97.0,103.0,0.2,96.0,101.0,3.0,14:59:55
,38.078758,55.071224,87.330784,17.0,97.0,101.0,0.2,95.0,101.0,4.0,14:59:55
,38.078758,55.071224,87.330784,17.0,97.0,101.0,0.2,95.0,101.0,4.0,14:59:56
,38.078758,55.071224,87.330784,17.0,97.0,103.0,0.2,95.0,101.0,4.0,14:59:56
,38.078758,55.071224,87.330784,17.0,97.0,103.0,0.2,95.0,101.0,4.0,14:59:57
,38.078758,55.071224,87.330784,17.0,97.0,103.0,0.2,95.0,101.0,3.0,14:59:57
,38.77961,55.071224,87.161491,17.0,97.0,103.0,0.2,95.0,101.0,3.0,14:59:58
,38.77961,54.563228,86.841709,17.0,97.0,102.0,0.2,95.0,101.0,3.0,14:59:58
,38.77961,54.563228,86.841709,17.0,97.0,102.0,0.2,95.0,101.0,3.0,14:59:59
,38.77961,54.563228,86.841709,17.0,97.0,101.0,0.2,96.0,101.0,3.0,14:59:59
,38.77961,54.563228,86.841709,17.0,97.0,101.0,0.2,96.0,101.0,3.0,15:00:00
,38.77961,54.563228,86.841709,17.0,97.0,101.0,0.2,96.0,101.0,3.0,15:00:00
,38.77961,54.563228,86.841709,17.0,97.0,101.0,0.2,96.0,101.0,3.0,15:00:01
,38.77961,54.563228,86.841709,17.0,96.0,101.0,0.2,96.0,101.0,3.0,15:00:01
,39.595722,54.563228,86.641729,17.0,96.0,101.0,0.2,96.0,101.0,3.0,15:00:02
,39.595722,54.873947,86.841156,17.0,96.0,102.0,0.2,96.0,101.0,3.0,15:00:02
,39.595722,54.873947,86.841156,17.0,96.0,102.0,0.2,95.0,103.0,4.0,15:00:03
,39.595722,54.873947,86.841156,17.0,96.0,102.0,0.2,95.0,101.0,10.0,15:00:03
,39.595722,54.873947,86.841156,17.0,96.0,102.0,0.2,95.0,101.0,10.0,15:00:04
,39.595722,54.873947,86.841156,17.0,96.0,104.0,0.2,95.0,101.0,10.0,15:00:04
,39.476727,54.873947,86.86982,18.0,96.0,104.0,0.2,95.0,101.0,10.0,15:00:05
,39.476727,55.032522,86.969999,18.0,96.0,103.0,0.2,95.0,101.0,6.0,15:00:05
,39.476727,55.032522,86.969999,18.0,96.0,103.0,0.2,95.0,101.0,6.0,15:00:06
,39.476727,55.032522,86.969999,18.0,96.0,103.0,0.2,95.0,101.0,6.0,15:00:06
,39.476727,55.032522,86.969999,18.0,96.0,103.0,0.2,95.0,101.0,6.0,15:00:07
,39.476727,55.032522,86.969999,18.0,96.0,103.0,0.2,95.0,103.0,4.0,15:00:07
,39.809174,55.032522,86.890556,18.0,96.0,103.0,0.2,95.0,103.0,4.0,15:00:08
,39.809174,54.619958,86.626515,18.0,96.0,103.0,0.2,95.0,103.0,4.0,15:00:08
,39.809174,54.619958,86.626515,18.0,96.0,103.0,0.2,95.0,103.0,4.0,15:00:09
,39.809174,54.619958,86.626515,18.0,96.0,103.0,0.2,94.0,103.0,4.0,15:00:09
,39.809174,54.619958,86.626515,18.0,96.0,103.0,0.2,94.0,103.0,4.0,15:00:10
,39.809174,54.619958,86.626515,18.0,96.0,103.0,0.2,94.0,103.0,4.0,15:00:10
,39.603428,54.619958,86.676538,19.0,96.0,103.0,0.2,94.0,103.0,4.0,15:00:11
,39.603428,55.107218,86.986654,19.0,96.0,103.0,0.2,94.0,103.0,4.0,15:00:11
,39.603428,55.107218,86.986654,19.0,96.0,103.0,0.2,94.0,103.0,4.0,15:00:12
,39.603428,55.107218,86.986654,19.0,96.0,104.0,0.2,94.0,103.0,4.0,15:00:12
,39.603428,55.107218,86.986654,19.0,96.0,104.0,0.2,94.0,103.0,4.0,15:00:13
,39.603428,55.107218,86.986654,19.0,96.0,105.0,0.2,95.0,105.0,3.0,15:00:13
,39.765194,55.107218,86.948139,19.0,96.0,105.0,0.2,95.0,105.0,3.0,15:00:14
,39.765194,55.107218,86.948139,19.0,96.0,105.0,0.2,95.0,105.0,3.0,15:00:14
,39.765194,54.295498,86.425132,19.0,96.0,105.0,0.2,95.0,105.0,3.0,15:00:15
,39.765194,54.295498,86.425132,19.0,96.0,105.0,0.2,95.0,104.0,3.0,15:00:15
,39.765194,54.295498,86.425132,19.0,96.0,105.0,0.2,95.0,104.0,3.0,15:00:16
,39.765194,54.295498,86.425132,19.0,96.0,105.0,0.2,95.0,104.0,3.0,15:00:16
,39.765194,54.295498,86.425132,19.0,96.0,105.0,0.2,95.0,104.0,3.0,15:00:17
,39.765194,54.295498,86.425132,19.0,96.0,105.0,0.2,95.0,106.0,4.0,15:00:17
,40.257092,54.295498,86.304221,19.0,96.0,105.0,0.2,95.0,106.0,4.0,15:00:18
,40.257092,54.256437,86.27821,19.0,96.0,106.0,0.2,95.0,106.0,4.0,15:00:18
,40.257092,54.256437,86.27821,19.0,96.0,106.0,0.2,95.0,106.0,4.0,15:00:19
,40.257092,54.256437,86.27821,19.0,96.0,106.0,0.2,96.0,106.0,3.0,15:00:19
,40.257092,54.256437,86.27821,19.0,96.0,106.0,0.2,96.0,106.0,3.0,15:00:20
,40.257092,54.256437,86.27821,19.0,96.0,106.0,0.2,96.0,106.0,3.0,15:00:20
,40.114368,54.256437,86.313289,19.0,96.0,106.0,0.2,96.0,106.0,3.0,15:00:21
,40.114368,53.772005,85.986413,19.0,96.0,107.0,0.2,96.0,106.0,3.0,15:00:21
,40.114368,53.772005,85.986413,19.0,96.0,107.0,0.2,96.0,106.0,3.0,15:00:22
,40.114368,53.772005,85.986413,19.0,96.0,107.0,0.2,96.0,106.0,3.0,15:00:22
,40.114368,53.772005,85.986413,19.0,96.0,107.0,0.2,96.0,106.0,3.0,15:00:23
,40.114368,53.772005,85.986413,19.0,96.0,107.0,0.2,96.0,105.0,3.0,15:00:23
,40.000977,53.772005,86.014911,20.0,96.0,107.0,0.2,96.0,105.0,3.0,15:00:24
,40.000977,54.097138,86.234931,20.0,96.0,107.0,0.2,96.0,105.0,3.0,15:00:24
,40.000977,54.097138,86.234931,20.0,96.0,107.0,0.2,96.0,105.0,3.0,15:00:25
,40.000977,54.097138,86.234931,20.0,96.0,107.0,0.2,96.0,105.0,4.0,15:00:25
,40.000977,54.097138,86.234931,20.0,96.0,107.0,0.2,96.0,105.0,4.0,15:00:26
,40.000977,54.097138,86.234931,20.0,96.0,108.0,0.2,96.0,105.0,4.0,15:00:26
,40.000977,54.097138,86.234931,20.0,96.0,108.0,0.2,96.0,105.0,4.0,15:00:27
,40.386448,54.097138,86.139542,19.0,96.0,107.0,0.2,96.0,105.0,4.0,15:00:27
,40.386448,53.742307,85.897737,19.0,96.0,107.0,0.2,96.0,105.0,4.0,15:00:28
,40.386448,53.742307,85.897737,19.0,96.0,106.0,0.2,96.0,105.0,4.0,15:00:28
,40.386448,53.742307,85.897737,19.0,96.0,106.0,0.2,96.0,105.0,4.0,15:00:29
,40.386448,53.742307,85.897737,19.0,95.0,105.0,0.2,96.0,104.0,4.0,15:00:29
,40.130333,53.742307,85.962053,19.0,95.0,105.0,0.2,96.0,104.0,4.0,15:00:30
,40.130333,53.742307,85.962053,19.0,95.0,104.0,0.2,96.0,104.0,4.0,15:00:30
,40.130333,53.653247,85.900809,19.0,95.0,104.0,0.2,96.0,104.0,4.0,15:00:31
,40.130333,53.653247,85.900809,19.0,95.0,104.0,0.2,96.0,104.0,4.0,15:00:31
,40.130333,53.653247,85.900809,19.0,95.0,104.0,0.2,96.0,104.0,4.0,15:00:32
,40.130333,53.653247,85.900809,19.0,95.0,104.0,0.2,96.0,104.0,4.0,15:00:32
,40.130333,53.653247,85.900809,19.0,95.0,104.0,0.2,96.0,104.0,4.0,15:00:33
,40.020073,53.653247,85.928658,20.0,95.0,104.0,0.2,95.0,105.0,3.0,15:00:33
,40.020073,53.732365,85.982985,20.0,95.0,104.0,0.2,95.0,105.0,3.0,15:00:34
,40.020073,53.732365,85.982985,20.0,96.0,104.0,0.2,95.0,105.0,3.0,15:00:34
,40.020073,53.732365,85.982985,20.0,96.0,104.0,0.2,95.0,105.0,3.0,15:00:35
,40.020073,53.732365,85.982985,20.0,96.0,104.0,0.2,95.0,104.0,3.0,15:00:35
,40.020073,53.732365,85.982985,20.0,96.0,104.0,0.2,95.0,104.0,3.0,15:00:36
,40.521523,53.732365,85.857023,20.0,96.0,104.0,0.2,95.0,104.0,3.0,15:00:36
,40.521523,53.732365,85.857023,20.0,96.0,104.0,0.2,95.0,104.0,3.0,15:00:37
,40.521523,53.337256,85.580986,20.0,96.0,104.0,0.2,95.0,105.0,3.0,15:00:37
,40.521523,53.337256,85.580986,20.0,96.0,104.0,0.2,95.0,105.0,3.0,15:00:38
,40.521523,53.337256,85.580986,20.0,96.0,104.0,0.2,95.0,105.0,3.0,15:00:38
,40.521523,53.337256,85.580986,20.0,96.0,104.0,0.2,95.0,105.0,3.0,15:00:39
,40.521523,53.337256,85.580986,20.0,95.0,106.0,0.2,95.0,105.0,3.0,15:00:39
,40.22205,53.337256,85.657428,19.0,95.0,106.0,0.2,95.0,105.0,3.0,15:00:40
,40.22205,53.230646,85.582186,19.0,95.0,105.0,0.2,95.0,105.0,3.0,15:00:40
,40.22205,53.230646,85.582186,19.0,95.0,105.0,0.2,95.0,105.0,3.0,15:00:41
,40.22205,53.230646,85.582186,19.0,95.0,106.0,0.2,94.0,105.0,3.0,15:00:41
,40.22205,53.230646,85.582186,19.0,95.0,106.0,0.2,94.0,105.0,3.0,15:00:42
,40.22205,53.230646,85.582186,19.0,94.0,105.0,0.2,94.0,105.0,3.0,15:00:42
,40.22205,53.230646,85.582186,19.0,94.0,105.0,0.2,94.0,105.0,3.0,15:00:43
,40.351143,53.230646,85.549053,19.0,94.0,105.0,0.2,94.0,106.0,4.0,15:00:43
,40.351143,52.976903,85.36768,19.0,94.0,105.0,0.2,94.0,106.0,4.0,15:00:44
,40.351143,52.976903,85.36768,19.0,94.0,105.0,0.2,94.0,106.0,4.0,15:00:44
,40.351143,52.976903,85.36768,19.0,94.0,105.0,0.2,94.0,106.0,4.0,15:00:45
,40.351143,52.976903,85.36768,19.0,94.0,105.0,0.2,93.0,105.0,4.0,15:00:45
,40.31411,52.976903,85.377285,19.0,94.0,105.0,0.2,93.0,105.0,4.0,15:00:46
,40.31411,52.976903,85.377285,19.0,93.0,105.0,0.2,93.0,105.0,4.0,15:00:46
,40.31411,53.098875,85.464759,19.0,93.0,105.0,0.2,93.0,105.0,4.0,15:00:47
,40.31411,53.098875,85.464759,19.0,93.0,105.0,0.2,92.0,104.0,4.0,15:00:47
,40.31411,53.098875,85.464759,19.0,93.0,105.0,0.2,92.0,104.0,4.0,15:00:48
,40.31411,53.098875,85.464759,19.0,93.0,105.0,0.2,92.0,104.0,4.0,15:00:48
,40.31411,53.098875,85.464759,19.0,93.0,105.0,0.2,92.0,104.0,4.0,15:00:49
,40.308517,53.098875,85.466202,19.0,93.0,105.0,0.2,92.0,106.0,3.0,15:00:49
,40.308517,53.190509,85.531499,19.0,93.0,105.0,0.2,92.0,106.0,3.0,15:00:50
,40.308517,53.190509,85.531499,19.0,93.0,105.0,0.2,92.0,106.0,3.0,15:00:50
,40.308517,53.190509,85.531499,19.0,93.0,105.0,0.2,92.0,106.0,3.0,15:00:51
,40.308517,53.190509,85.531499,19.0,92.0,106.0,0.2,92.0,106.0,3.0,15:00:51
,40.308517,53.190509,85.531499,19.0,92.0,106.0,0.2,92.0,106.0,3.0,15:00:52
,40.233925,53.190509,85.55068,19.0,92.0,103.0,0.2,92.0,106.0,3.0,15:00:52
,40.233925,53.190509,85.55068,19.0,92.0,103.0,0.2,92.0,106.0,3.0,15:00:53
,40.233925,53.784801,85.965174,19.0,92.0,104.0,0.2,91.0,105.0,3.0,15:00:53
,40.233925,53.784801,85.965174,19.0,92.0,104.0,0.2,91.0,105.0,3.0,15:00:54
,40.233925,53.784801,85.965174,19.0,92.0,106.0,0.2,91.0,105.0,3.0,15:00:54
,40.233925,53.784801,85.965174,19.0,92.0,106.0,0.2,91.0,105.0,3.0,15:00:55
,39.990738,53.784801,86.026224,20.0,92.0,106.0,0.2,91.0,105.0,3.0,15:00:55
,39.990738,54.037947,86.197736,20.0,92.0,106.0,0.2,91.0,105.0,3.0,15:00:56
,39.990738,54.037947,86.197736,20.0,92.0,104.0,0.2,91.0,105.0,3.0,15:00:56
,39.990738,54.037947,86.197736,20.0,92.0,104.0,0.2,91.0,105.0,3.0,15:00:57
,39.990738,54.037947,86.197736,20.0,92.0,104.0,0.2,90.0,105.0,3.0,15:00:57
,39.990738,54.037947,86.197736,20.0,92.0,104.0,0.2,90.0,105.0,3.0,15:00:58
,39.950722,54.037947,86.207687,20.0,92.0,104.0,0.2,90.0,105.0,3.0,15:00:58
,39.950722,54.037947,86.207687,20.0,92.0,104.0,0.2,90.0,105.0,3.0,15:00:59
,39.950722,54.483052,86.502907,20.0,92.0,105.0,0.2,90.0,107.0,3.0,15:00:59
,39.950722,54.483052,86.502907,20.0,92.0,105.0,0.2,90.0,107.0,3.0,15:01:00
,39.950722,54.483052,86.502907,20.0,92.0,105.0,0.2,90.0,107.0,3.0,15:01:00
,39.950722,54.483052,86.502907,20.0,92.0,105.0,0.2,90.0,107.0,3.0,15:01:01
,39.950722,54.483052,86.502907,20.0,92.0,106.0,0.2,89.0,106.0,3.0,15:01:01
,40.212547,54.483052,86.439117,19.0,92.0,106.0,0.2,89.0,106.0,3.0,15:01:02
,40.212547,54.007034,86.121773,19.0,92.0,107.0,0.2,89.0,106.0,3.0,15:01:02
,40.212547,54.007034,86.121773,19.0,92.0,107.0,0.2,89.0,106.0,3.0,15:01:03
,40.212547,54.007034,86.121773,19.0,92.0,107.0,0.2,89.0,105.0,4.0,15:01:03
,40.212547,54.007034,86.121773,19.0,92.0,107.0,0.2,89.0,105.0,4.0,15:01:04
,40.212547,54.007034,86.121773,19.0,92.0,107.0,0.2,89.0,105.0,4.0,15:01:04
,40.159119,54.007034,86.135047,19.0,92.0,107.0,0.2,89.0,105.0,4.0,15:01:05
,40.159119,54.425165,86.414036,19.0,91.0,106.0,0.2,89.0,106.0,4.0,15:01:05
,40.159119,54.425165,86.414036,19.0,91.0,106.0,0.2,89.0,106.0,4.0,15:01:06
,40.159119,54.425165,86.414036,19.0,91.0,106.0,0.2,89.0,106.0,4.0,15:01:06
,40.159119,54.425165,86.414036,19.0,91.0,106.0,0.2,89.0,106.0,4.0,15:01:07
,40.159119,54.425165,86.414036,19.0,91.0,106.0,0.2,89.0,106.0,3.0,15:01:07
,39.984917,54.425165,86.456589,20.0,91.0,106.0,0.2,89.0,106.0,3.0,15:01:08
,39.984917,54.379777,86.426721,20.0,91.0,105.0,0.2,89.0,106.0,3.0,15:01:08
,39.984917,54.379777,86.426721,20.0,91.0,105.0,0.2,89.0,106.0,3.0,15:01:09
,39.984917,54.379777,86.426721,20.0,91.0,105.0,0.2,89.0,106.0,4.0,15:01:09
,39.984917,54.379777,86.426721,20.0,91.0,105.0,0.2,89.0,106.0,4.0,15:01:10
,39.984917,54.379777,86.426721,20.0,90.0,107.0,0.2,89.0,106.0,4.0,15:01:10
,39.984917,54.379777,86.426721,20.0,90.0,107.0,0.2,89.0,106.0,4.0,15:01:11
,40.102558,54.379777,86.397919,19.0,90.0,106.0,0.2,89.0,106.0,4.0,15:01:11
,40.102558,54.550398,86.509997,19.0,90.0,106.0,0.2,89.0,106.0,4.0,15:01:12
,40.102558,54.550398,86.509997,19.0,90.0,107.0,0.2,89.0,106.0,4.0,15:01:12
18.0,40.102558,54.550398,86.509997,19.0,90.0,107.0,0.2,89.0,106.0,4.0,15:01:13
18.0,40.102558,54.550398,86.509997,19.0,90.0,108.0,0.2,89.0,107.0,3.0,15:01:13
18.0,40.102558,54.550398,86.509997,19.0,90.0,108.0,0.2,89.0,107.0,3.0,15:01:14
18.0,40.102558,54.550398,86.509997,19.0,90.0,108.0,0.2,89.0,107.0,3.0,15:01:14
18.0,40.169018,54.550398,86.493861,19.0,90.0,108.0,0.2,89.0,107.0,3.0,15:01:15
18.0,40.169018,54.086206,86.185951,19.0,90.0,107.0,0.2,88.0,107.0,4.0,15:01:15
18.0,40.169018,54.086206,86.185951,19.0,90.0,107.0,0.2,88.0,107.0,4.0,15:01:16
18.0,40.169018,54.086206,86.185951,19.0,90.0,108.0,0.2,88.0,107.0,4.0,15:01:16
18.0,40.169018,54.086206,86.185951,19.0,90.0,108.0,0.2,88.0,107.0,4.0,15:01:17
18.0,40.373447,54.086206,86.13538,19.0,90.0,108.0,0.2,88.0,106.0,3.0,15:01:17
18.0,40.373447,54.086206,86.13538,19.0,90.0,108.0,0.2,88.0,106.0,3.0,15:01:18
,40.373447,53.615561,85.813405,19.0,90.0,107.0,0.2,88.0,106.0,3.0,15:01:18
,40.373447,53.615561,85.813405,19.0,90.0,107.0,0.2,88.0,106.0,3.0,15:01:19
,40.373447,53.615561,85.813405,19.0,90.0,107.0,0.2,88.0,104.0,3.0,15:01:19
,40.373447,53.615561,85.813405,19.0,90.0,107.0,0.2,88.0,104.0,3.0,15:01:20
,40.373447,53.615561,85.813405,20.0,90.0,105.0,0.2,88.0,104.0,3.0,15:01:20
,40.157509,53.615561,85.867926,20.0,90.0,105.0,0.2,88.0,104.0,3.0,15:01:21
,40.157509,54.178738,86.250844,20.0,90.0,104.0,0.2,88.0,104.0,4.0,15:01:21
,40.157509,54.178738,86.250844,20.0,90.0,104.0,0.2,88.0,104.0,4.0,15:01:22
,40.157509,54.178738,86.250844,20.0,90.0,104.0,0.2,88.0,104.0,4.0,15:01:22
,40.157509,54.178738,86.250844,20.0,90.0,104.0,0.2,88.0,104.0,4.0,15:01:23
,40.157509,54.178738,86.250844,20.0,90.0,104.0,0.2,88.0,103.0,3.0,15:01:23
,39.955761,54.178738,86.300663,19.0,90.0,104.0,0.2,88.0,103.0,3.0,15:01:24
,39.955761,54.443486,86.475746,19.0,90.0,104.0,0.2,88.0,103.0,3.0,15:01:24
,39.955761,54.443486,86.475746,19.0,90.0,104.0,0.2,88.0,103.0,3.0,15:01:25
,39.955761,54.443486,86.475746,19.0,90.0,104.0,0.2,88.0,103.0,4.0,15:01:25
,39.955761,54.443486,86.475746,19.0,90.0,104.0,0.2,88.0,103.0,4.0,15:01:26
,39.955761,54.443486,86.475746,19.0,90.0,104.0,0.2,88.0,103.0,4.0,15:01:26
,39.955761,54.443486,86.475746,19.0,90.0,104.0,0.2,88.0,103.0,4.0,15:01:27
,40.008869,54.443486,86.462772,19.0,90.0,104.0,0.2,88.0,104.0,4.0,15:01:27
,40.008869,54.29746,86.366459,19.0,90.0,104.0,0.2,88.0,104.0,4.0,15:01:28
,40.008869,54.29746,86.366459,19.0,90.0,104.0,0.2,88.0,104.0,4.0,15:01:28
,40.008869,54.29746,86.366459,19.0,90.0,104.0,0.2,88.0,104.0,4.0,15:01:29
,40.008869,54.29746,86.366459,19.0,90.0,104.0,0.2,88.0,103.0,4.0,15:01:29
,39.622078,54.29746,86.461718,21.0,90.0,104.0,0.2,88.0,103.0,4.0,15:01:30
,39.622078,54.943948,86.879257,21.0,90.0,103.0,0.2,88.0,103.0,4.0,15:01:30
,39.622078,54.943948,86.879257,21.0,90.0,103.0,0.2,88.0,103.0,4.0,15:01:31
,39.622078,54.943948,86.879257,21.0,90.0,104.0,0.2,88.0,103.0,4.0,15:01:31
,39.622078,54.943948,86.879257,21.0,90.0,104.0,0.2,88.0,103.0,4.0,15:01:32
,39.622078,54.943948,86.879257,21.0,90.0,104.0,0.2,88.0,103.0,4.0,15:01:32
,39.622078,54.943948,86.879257,21.0,90.0,104.0,0.2,88.0,103.0,4.0,15:01:33
,40.079586,54.943948,86.769739,20.0,89.0,103.0,0.2,88.0,103.0,4.0,15:01:33
,40.079586,54.295263,86.347626,20.0,89.0,103.0,0.2,88.0,103.0,4.0,15:01:34
,40.079586,54.295263,86.347626,20.0,89.0,103.0,0.2,88.0,103.0,4.0,15:01:34
,40.079586,54.295263,86.347626,20.0,89.0,103.0,0.2,88.0,103.0,4.0,15:01:35
,40.079586,54.295263,86.347626,20.0,89.0,103.0,0.2,88.0,103.0,4.0,15:01:35
,39.848339,54.295263,86.404496,20.0,89.0,103.0,0.2,88.0,103.0,4.0,15:01:36
,39.848339,54.770079,86.713888,20.0,89.0,103.0,0.2,88.0,103.0,4.0,15:01:36
,39.848339,54.770079,86.713888,20.0,89.0,103.0,0.2,88.0,103.0,4.0,15:01:37
,39.848339,54.770079,86.713888,20.0,89.0,104.0,0.2,88.0,103.0,4.0,15:01:37
,39.848339,54.770079,86.713888,20.0,89.0,104.0,0.2,88.0,103.0,4.0,15:01:38
,39.848339,54.770079,86.713888,20.0,89.0,103.0,0.2,88.0,103.0,4.0,15:01:38
,39.734909,54.770079,86.741263,21.0,89.0,103.0,0.2,88.0,103.0,4.0,15:01:39
,39.734909,54.988315,86.880328,21.0,89.0,103.0,0.2,88.0,101.0,4.0,15:01:39
,39.734909,54.988315,86.880328,21.0,89.0,103.0,0.2,88.0,101.0,4.0,15:01:40
,39.734909,54.988315,86.880328,21.0,89.0,103.0,0.2,88.0,101.0,4.0,15:01:40
,39.734909,54.988315,86.880328,21.0,89.0,103.0,0.2,88.0,101.0,4.0,15:01:41
,39.734909,54.988315,86.880328,21.0,89.0,102.0,0.2,88.0,101.0,4.0,15:01:41
,40.094162,54.988315,86.794551,21.0,89.0,102.0,0.2,88.0,101.0,4.0,15:01:42
,40.094162,54.623537,86.559729,21.0,90.0,101.0,0.2,88.0,101.0,4.0,15:01:42
,40.094162,54.623537,86.559729,21.0,90.0,101.0,0.2,88.0,101.0,3.0,15:01:43
,40.094162,54.623537,86.559729,21.0,90.0,101.0,0.2,88.0,101.0,3.0,15:01:43
,40.094162,54.623537,86.559729,21.0,90.0,101.0,0.2,88.0,101.0,3.0,15:01:44
,40.094162,54.623537,86.559729,21.0,90.0,100.0,0.2,88.0,101.0,3.0,15:01:44
,38.236916,54.623537,87.013751,20.0,90.0,100.0,0.2,88.0,101.0,3.0,15:01:45
,38.236916,54.623537,87.013751,20.0,90.0,101.0,0.2,88.0,101.0,6.0,15:01:45
,38.236916,53.16554,86.052754,20.0,90.0,101.0,0.2,88.0,101.0,6.0,15:01:46
,38.236916,53.16554,86.052754,20.0,90.0,101.0,0.2,88.0,101.0,6.0,15:01:46
,38.236916,53.16554,86.052754,20.0,90.0,101.0,0.2,88.0,101.0,6.0,15:01:47
,38.236916,53.16554,86.052754,20.0,90.0,102.0,0.2,89.0,101.0,4.0,15:01:47
,38.509789,53.16554,85.981066,21.0,90.0,102.0,0.2,89.0,101.0,4.0,15:01:48
,38.509789,53.16554,85.981066,21.0,90.0,102.0,0.2,89.0,101.0,4.0,15:01:48
,38.509789,53.222808,86.020593,21.0,90.0,102.0,0.2,89.0,101.0,4.0,15:01:49
,38.509789,53.222808,86.020593,21.0,90.0,103.0,0.2,89.0,101.0,4.0,15:01:49
,38.509789,53.222808,86.020593,21.0,90.0,103.0,0.2,89.0,101.0,4.0,15:01:50
,38.509789,53.222808,86.020593,21.0,90.0,102.0,0.2,89.0,101.0,4.0,15:01:50
19.0,37.989582,53.222808,86.157102,21.0,90.0,102.0,0.2,89.0,101.0,4.0,15:01:51
19.0,37.989582,53.666409,86.45611,21.0,90.0,102.0,0.2,89.0,101.0,4.0,15:01:51
19.0,37.989582,53.666409,86.45611,21.0,90.0,102.0,0.2,89.0,101.0,4.0,15:01:52
19.0,37.989582,53.666409,86.45611,21.0,90.0,102.0,0.2,89.0,101.0,4.0,15:01:52
19.0,37.989582,53.666409,86.45611,21.0,90.0,102.0,0.2,89.0,101.0,4.0,15:01:53
19.0,37.989582,53.666409,86.45611,21.0,91.0,102.0,0.2,89.0,103.0,3.0,15:01:53
19.0,38.139774,53.666409,86.41738,20.0,91.0,102.0,0.2,89.0,103.0,3.0,15:01:54
,38.139774,53.653775,86.408952,20.0,91.0,102.0,0.2,89.0,103.0,3.0,15:01:54
,38.139774,53.653775,86.408952,20.0,91.0,102.0,0.2,89.0,103.0,3.0,15:01:55
,38.139774,53.653775,86.408952,20.0,91.0,103.0,0.2,89.0,102.0,4.0,15:01:55
,38.139774,53.653775,86.408952,20.0,91.0,103.0,0.2,89.0,102.0,4.0,15:01:56
,38.139774,53.653775,86.408952,20.0,91.0,102.0,0.2,89.0,102.0,4.0,15:01:56
,38.367573,53.653775,86.350295,20.0,91.0,102.0,0.2,89.0,102.0,4.0,15:01:57
,38.367573,53.653775,86.350295,20.0,91.0,102.0,0.2,88.0,103.0,4.0,15:01:57
,38.367573,53.1848,86.03168,20.0,91.0,102.0,0.2,88.0,103.0,4.0,15:01:58
,38.367573,53.1848,86.03168,20.0,91.0,104.0,0.2,88.0,103.0,4.0,15:01:58
,38.367573,53.1848,86.03168,20.0,91.0,104.0,0.2,88.0,103.0,4.0,15:01:59
,38.367573,53.1848,86.03168,20.0,90.0,104.0,0.2,88.0,103.0,4.0,15:01:59
,38.186123,53.1848,86.079359,21.0,90.0,104.0,0.2,88.0,103.0,4.0,15:02:00
,38.186123,53.906173,86.564308,21.0,90.0,104.0,0.2,88.0,103.0,4.0,15:02:00
,38.186123,53.906173,86.564308,21.0,90.0,104.0,0.2,88.0,103.0,4.0,15:02:01
,38.186123,53.906173,86.564308,21.0,90.0,104.0,0.2,88.0,103.0,4.0,15:02:01
,38.186123,53.906173,86.564308,21.0,90.0,104.0,0.2,88.0,103.0,4.0,15:02:02
,38.186123,53.906173,86.564308,21.0,90.0,103.0,0.2,88.0,103.0,4.0,15:02:02
,38.375275,53.906173,86.516152,21.0,90.0,103.0,0.2,88.0,103.0,4.0,15:02:03
,38.375275,53.593981,86.308181,21.0,90.0,103.0,0.2,88.0,103.0,4.0,15:02:03
,38.375275,53.593981,86.308181,21.0,90.0,103.0,0.2,88.0,103.0,4.0,15:02:04
,38.375275,53.593981,86.308181,21.0,90.0,104.0,0.2,88.0,103.0,4.0,15:02:04
,38.375275,53.593981,86.308181,21.0,90.0,104.0,0.2,88.0,103.0,4.0,15:02:05
,38.375275,53.593981,86.308181,21.0,90.0,104.0,0.2,88.0,105.0,4.0,15:02:05
,38.299053,53.593981,86.327841,20.0,90.0,104.0,0.2,88.0,105.0,4.0,15:02:06
,38.299053,53.460908,86.238122,20.0,90.0,104.0,0.2,88.0,105.0,4.0,15:02:06
,38.299053,53.460908,86.238122,20.0,90.0,104.0,0.2,88.0,105.0,4.0,15:02:07
,38.299053,53.460908,86.238122,20.0,90.0,104.0,0.2,88.0,103.0,4.0,15:02:07
,38.299053,53.460908,86.238122,20.0,90.0,104.0,0.2,88.0,103.0,4.0,15:02:08
,38.37701,53.460908,86.217897,21.0,90.0,104.0,0.2,88.0,103.0,4.0,15:02:08
,38.37701,53.460908,86.217897,21.0,90.0,104.0,0.2,88.0,103.0,4.0,15:02:09
,38.37701,53.371863,86.157383,21.0,89.0,104.0,0.2,89.0,103.0,4.0,15:02:09
,38.37701,53.371863,86.157383,21.0,89.0,104.0,0.2,89.0,103.0,4.0,15:02:10
,38.37701,53.371863,86.157383,21.0,89.0,104.0,0.2,89.0,103.0,4.0,15:02:10
,38.37701,53.371863,86.157383,21.0,89.0,104.0,0.2,89.0,103.0,4.0,15:02:11
,38.381634,53.371863,86.156179,21.0,89.0,104.0,0.2,89.0,103.0,4.0,15:02:11
,38.381634,53.371863,86.156179,21.0,89.0,104.0,0.2,89.0,103.0,4.0,15:02:12
,38.381634,53.546443,86.274528,21.0,89.0,103.0,0.2,89.0,103.0,4.0,15:02:12
,38.381634,53.546443,86.274528,21.0,89.0,103.0,0.2,89.0,103.0,4.0,15:02:13
,38.381634,53.546443,86.274528,21.0,89.0,104.0,0.2,89.0,104.0,4.0,15:02:13
,38.405724,53.546443,86.268305,21.0,89.0,104.0,0.2,89.0,104.0,4.0,15:02:14
,38.405724,53.546443,86.268305,21.0,89.0,104.0,0.2,89.0,104.0,4.0,15:02:14
,38.405724,53.460904,86.210449,21.0,89.0,104.0,0.2,89.0,104.0,4.0,15:02:15
,38.405724,53.460904,86.210449,21.0,89.0,103.0,0.2,89.0,104.0,3.0,15:02:15
,38.405724,53.460904,86.210449,21.0,89.0,103.0,0.2,89.0,104.0,3.0,15:02:16
,38.405724,53.460904,86.210449,21.0,90.0,103.0,0.2,89.0,104.0,3.0,15:02:16
,38.405724,53.460904,86.210449,21.0,90.0,103.0,0.2,89.0,104.0,3.0,15:02:17
,38.746132,53.460904,86.122359,21.0,90.0,104.0,0.2,89.0,106.0,3.0,15:02:17
,38.746132,53.18429,85.932153,21.0,90.0,104.0,0.2,89.0,106.0,3.0,15:02:18
,38.746132,53.18429,85.932153,21.0,90.0,105.0,0.2,89.0,106.0,3.0,15:02:18
,38.746132,53.18429,85.932153,21.0,90.0,105.0,0.2,89.0,106.0,3.0,15:02:19
,38.746132,53.18429,85.932153,21.0,90.0,105.0,0.2,89.0,107.0,3.0,15:02:19
,38.746132,53.18429,85.932153,21.0,90.0,105.0,0.2,89.0,107.0,3.0,15:02:20
,38.746132,53.18429,85.932153,21.0,90.0,105.0,0.2,89.0,107.0,3.0,15:02:20
,38.69783,53.18429,85.944785,21.0,90.0,105.0,0.2,89.0,107.0,3.0,15:02:21
,38.69783,53.09796,85.884824,21.0,90.0,106.0,0.2,89.0,107.0,4.0,15:02:21
,38.69783,53.09796,85.884824,21.0,90.0,106.0,0.2,89.0,107.0,4.0,15:02:22
,38.69783,53.09796,85.884824,21.0,90.0,107.0,0.2,89.0,107.0,4.0,15:02:22
,38.69783,53.09796,85.884824,21.0,90.0,107.0,0.2,89.0,107.0,4.0,15:02:23
20.0,38.350014,53.09796,85.976322,20.0,90.0,108.0,0.2,89.0,106.0,4.0,15:02:23
20.0,38.350014,53.09796,85.976322,20.0,90.0,108.0,0.2,89.0,106.0,4.0,15:02:24
20.0,38.350014,53.421289,86.198026,20.0,90.0,108.0,0.2,89.0,106.0,4.0,15:02:24
20.0,38.350014,53.421289,86.198026,20.0,90.0,108.0,0.2,89.0,106.0,4.0,15:02:25
20.0,38.350014,53.421289,86.198026,20.0,90.0,108.0,0.2,89.0,107.0,4.0,15:02:25
20.0,38.350014,53.421289,86.198026,20.0,90.0,108.0,0.2,89.0,107.0,4.0,15:02:26
20.0,38.755505,53.421289,86.092886,21.0,90.0,108.0,0.2,89.0,107.0,4.0,15:02:26
,38.755505,53.548174,86.179306,21.0,90.0,108.0,0.2,89.0,107.0,4.0,15:02:27
,38.755505,53.548174,86.179306,21.0,90.0,107.0,0.2,89.0,106.0,4.0,15:02:27
,38.755505,53.548174,86.179306,21.0,90.0,107.0,0.2,89.0,106.0,4.0,15:02:28
,38.755505,53.548174,86.179306,21.0,90.0,107.0,0.2,89.0,106.0,4.0,15:02:28
,38.755505,53.548174,86.179306,21.0,90.0,107.0,0.2,89.0,106.0,4.0,15:02:29
,38.755505,53.548174,86.179306,21.0,90.0,106.0,0.2,89.0,107.0,4.0,15:02:29
,38.661743,53.548174,86.203443,20.0,90.0,106.0,0.2,89.0,107.0,4.0,15:02:30
,38.661743,53.708153,86.311308,20.0,90.0,107.0,0.2,89.0,107.0,4.0,15:02:30
,38.661743,53.708153,86.311308,20.0,90.0,107.0,0.2,89.0,107.0,4.0,15:02:31
,38.661743,53.708153,86.311308,20.0,90.0,107.0,0.2,89.0,107.0,4.0,15:02:31
,38.661743,53.708153,86.311308,20.0,90.0,107.0,0.2,89.0,107.0,4.0,15:02:32
,38.661743,53.708153,86.311308,20.0,90.0,107.0,0.2,89.0,107.0,4.0,15:02:32
,38.71093,53.708153,86.298731,20.0,90.0,107.0,0.2,89.0,107.0,4.0,15:02:33
,38.71093,53.803993,86.362912,20.0,90.0,107.0,0.2,89.0,105.0,4.0,15:02:33
,38.71093,53.803993,86.362912,20.0,90.0,107.0,0.2,89.0,105.0,4.0,15:02:34
,38.71093,53.803993,86.362912,20.0,90.0,106.0,0.2,89.0,105.0,4.0,15:02:34
,38.71093,53.803993,86.362912,20.0,90.0,106.0,0.2,89.0,105.0,4.0,15:02:35
,38.591862,53.803993,86.393242,21.0,90.0,106.0,0.2,89.0,105.0,4.0,15:02:35
,38.591862,53.803993,86.393242,21.0,90.0,106.0,0.2,89.0,105.0,4.0,15:02:36
,38.591862,53.891469,86.451387,21.0,90.0,105.0,0.2,89.0,105.0,4.0,15:02:36
,38.591862,53.891469,86.451387,21.0,90.0,105.0,0.2,89.0,105.0,4.0,15:02:37
,38.591862,53.891469,86.451387,21.0,90.0,105.0,0.2,89.0,106.0,3.0,15:02:37
,38.591862,53.891469,86.451387,21.0,90.0,105.0,0.2,89.0,106.0,3.0,15:02:38
,38.591862,53.891469,86.451387,21.0,91.0,104.0,0.2,89.0,106.0,3.0,15:02:38
,38.597244,53.891469,86.45002,20.0,91.0,104.0,0.2,89.0,106.0,3.0,15:02:39
,38.597244,53.66323,86.297657,20.0,91.0,105.0,0.2,89.0,106.0,4.0,15:02:39
,38.597244,53.66323,86.297657,20.0,91.0,105.0,0.2,89.0,106.0,4.0,15:02:40
,38.597244,53.66323,86.297657,20.0,91.0,106.0,0.2,89.0,106.0,4.0,15:02:40
,38.597244,53.66323,86.297657,20.0,91.0,106.0,0.2,89.0,106.0,4.0,15:02:41
,38.839077,53.66323,86.235722,20.0,90.0,107.0,0.2,89.0,107.0,4.0,15:02:41
,38.839077,53.66323,86.235722,20.0,90.0,107.0,0.2,89.0,107.0,4.0,15:02:42
,38.839077,54.124857,86.542992,20.0,90.0,107.0,0.2,89.0,107.0,4.0,15:02:42
,38.839077,54.124857,86.542992,20.0,90.0,107.0,0.2,89.0,107.0,4.0,15:02:43
,38.839077,54.124857,86.542992,20.0,90.0,107.0,0.2,89.0,106.0,4.0,15:02:43
,38.839077,54.124857,86.542992,20.0,90.0,107.0,0.2,89.0,106.0,4.0,15:02:44
,38.839077,54.124857,86.542992,20.0,90.0,107.0,0.2,89.0,106.0,4.0,15:02:44
,39.080563,54.124857,86.482534,20.0,90.0,107.0,0.2,89.0,106.0,4.0,15:02:45
,39.080563,54.056597,86.437448,20.0,91.0,107.0,0.2,89.0,106.0,4.0,15:02:45
,39.080563,54.056597,86.437448,20.0,91.0,107.0,0.2,89.0,106.0,4.0,15:02:46
,39.080563,54.056597,86.437448,20.0,91.0,107.0,0.2,89.0,106.0,4.0,15:02:46
,39.080563,54.056597,86.437448,20.0,91.0,107.0,0.2,89.0,106.0,4.0,15:02:47
,39.080563,54.056597,86.437448,20.0,91.0,106.0,0.2,89.0,107.0,3.0,15:02:47
,39.234924,54.056597,86.398767,21.0,91.0,106.0,0.2,89.0,107.0,3.0,15:02:48
,39.234924,54.036761,86.385598,21.0,91.0,107.0,0.2,89.0,107.0,3.0,15:02:48
,39.234924,54.036761,86.385598,21.0,91.0,107.0,0.2,89.0,107.0,3.0,15:02:49
,39.234924,54.036761,86.385598,21.0,91.0,107.0,0.2,89.0,106.0,4.0,15:02:49
,39.234924,54.036761,86.385598,21.0,91.0,107.0,0.2,89.0,106.0,4.0,15:02:50
,39.036247,54.036761,86.435438,20.0,91.0,107.0,0.2,89.0,106.0,4.0,15:02:50
,39.036247,54.409393,86.679461,20.0,91.0,107.0,0.2,89.0,106.0,4.0,15:02:51
,39.036247,54.409393,86.679461,20.0,91.0,107.0,0.2,89.0,106.0,4.0,15:02:51
,39.036247,54.409393,86.679461,20.0,91.0,107.0,0.2,89.0,106.0,4.0,15:02:52
,39.036247,54.409393,86.679461,20.0,91.0,107.0,0.2,89.0,106.0,4.0,15:02:52
,39.298412,54.409393,86.614775,21.0,91.0,107.0,0.2,89.0,106.0,4.0,15:02:53
,39.298412,54.409393,86.614775,21.0,91.0,107.0,0.2,89.0,107.0,4.0,15:02:53
,39.298412,54.325366,86.559982,21.0,91.0,107.0,0.2,89.0,107.0,4.0,15:02:54
,39.298412,54.325366,86.559982,21.0,91.0,107.0,0.2,89.0,107.0,4.0,15:02:54
,39.298412,54.325366,86.559982,21.0,91.0,107.0,0.2,89.0,107.0,4.0,15:02:55
,39.298412,54.325366,86.559982,22.0,91.0,107.0,0.2,89.0,107.0,4.0,15:02:55
,39.298412,54.325366,86.559982,21.0,91.0,107.0,0.2,89.0,107.0,4.0,15:02:56
,39.535378,54.325366,86.501452,21.0,91.0,107.0,0.2,89.0,107.0,4.0,15:02:56
,39.535378,54.472277,86.597446,21.0,91.0,107.0,0.2,89.0,107.0,4.0,15:02:57
,39.535378,54.472277,86.597446,21.0,91.0,107.0,0.2,89.0,107.0,4.0,15:02:57
,39.535378,54.472277,86.597446,21.0,91.0,107.0,0.2,89.0,107.0,4.0,15:02:58
,39.535378,54.472277,86.597446,21.0,91.0,107.0,0.2,89.0,107.0,4.0,15:02:58
,39.535378,54.472277,86.597446,21.0,91.0,107.0,0.2,89.0,107.0,4.0,15:02:59
,40.130764,54.472277,86.451948,21.0,91.0,107.0,0.2,89.0,107.0,3.0,15:02:59
,40.130764,54.215407,86.281925,21.0,91.0,107.0,0.2,89.0,107.0,3.0,15:03:00
,40.130764,54.215407,86.281925,21.0,91.0,107.0,0.2,89.0,107.0,3.0,15:03:00
21.0,40.130764,54.215407,86.281925,21.0,91.0,107.0,0.2,89.0,107.0,3.0,15:03:01
21.0,40.130764,54.215407,86.281925,21.0,91.0,107.0,0.2,89.0,107.0,4.0,15:03:01
21.0,40.130764,54.215407,86.281925,21.0,91.0,107.0,0.2,89.0,107.0,4.0,15:03:02
21.0,40.292824,54.215407,86.242034,21.0,91.0,107.0,0.2,89.0,107.0,4.0,15:03:02
21.0,40.292824,53.705879,85.896153,21.0,91.0,107.0,0.2,89.0,107.0,4.0,15:03:03
21.0,40.292824,53.705879,85.896153,21.0,91.0,107.0,0.2,89.0,107.0,4.0,15:03:03
21.0,40.292824,53.705879,85.896153,21.0,91.0,107.0,0.2,89.0,107.0,4.0,15:03:04
21.0,40.292824,53.705879,85.896153,21.0,90.0,107.0,0.2,89.0,107.0,4.0,15:03:04
21.0,40.292824,53.705879,85.896153,21.0,90.0,107.0,0.2,89.0,107.0,4.0,15:03:05
21.0,40.292824,53.705879,85.896153,21.0,90.0,108.0,0.2,89.0,107.0,3.0,15:03:05
21.0,39.953266,53.705879,85.981678,20.0,90.0,108.0,0.2,89.0,107.0,3.0,15:03:06
21.0,39.953266,54.328299,86.40052,20.0,90.0,108.0,0.2,89.0,107.0,3.0,15:03:06
21.0,39.953266,54.328299,86.40052,20.0,90.0,108.0,0.2,89.0,107.0,3.0,15:03:07
21.0,39.953266,54.328299,86.40052,20.0,90.0,107.0,0.2,89.0,106.0,4.0,15:03:07
,39.953266,54.328299,86.40052,20.0,90.0,107.0,0.2,89.0,106.0,4.0,15:03:08
,39.953266,54.328299,86.40052,20.0,90.0,107.0,0.2,89.0,106.0,4.0,15:03:08
,40.137264,54.328299,86.355373,19.0,90.0,107.0,0.2,89.0,106.0,4.0,15:03:09
,40.137264,54.328299,86.355373,19.0,90.0,107.0,0.2,89.0,108.0,3.0,15:03:09
,40.137264,54.127795,86.221734,19.0,90.0,107.0,0.2,89.0,108.0,3.0,15:03:10
,40.137264,54.127795,86.221734,19.0,90.0,107.0,0.2,89.0,108.0,3.0,15:03:10
,40.137264,54.127795,86.221734,19.0,90.0,107.0,0.2,89.0,108.0,3.0,15:03:11
,40.137264,54.127795,86.221734,19.0,90.0,107.0,0.2,89.0,108.0,3.0,15:03:11
,39.761684,54.127795,86.314787,20.0,90.0,107.0,0.2,89.0,108.0,3.0,15:03:12
,39.761684,54.605554,86.628724,20.0,90.0,107.0,0.2,89.0,108.0,3.0,15:03:12
,39.761684,54.605554,86.628724,20.0,90.0,107.0,0.2,89.0,108.0,3.0,15:03:13
,39.761684,54.605554,86.628724,20.0,90.0,108.0,0.2,89.0,108.0,4.0,15:03:13
,39.761684,54.605554,86.628724,20.0,90.0,108.0,0.2,89.0,108.0,4.0,15:03:14
,39.864342,54.605554,86.603776,20.0,90.0,109.0,0.2,89.0,108.0,4.0,15:03:14
,39.864342,54.631343,86.620499,20.0,90.0,109.0,0.2,89.0,108.0,4.0,15:03:15
,39.864342,54.631343,86.620499,20.0,90.0,110.0,0.2,89.0,109.0,4.0,15:03:15
,39.864342,54.631343,86.620499,20.0,90.0,110.0,0.2,89.0,109.0,4.0,15:03:16
,39.864342,54.631343,86.620499,20.0,90.0,110.0,0.2,89.0,109.0,4.0,15:03:16
,39.864342,54.631343,86.620499,20.0,90.0,110.0,0.2,89.0,109.0,4.0,15:03:17
,40.298927,54.631343,86.515296,21.0,90.0,110.0,0.2,88.0,110.0,5.0,15:03:17
,40.298927,54.631343,86.515296,21.0,90.0,110.0,0.2,88.0,110.0,5.0,15:03:18
,40.298927,52.2496,84.846382,21.0,90.0,110.0,0.2,88.0,110.0,5.0,15:03:18
,40.298927,52.2496,84.846382,21.0,90.0,110.0,0.2,88.0,110.0,5.0,15:03:19
,40.298927,51.856167,84.547267,21.0,91.0,110.0,0.2,88.0,110.0,3.0,15:03:19
,40.298927,51.856167,84.547267,21.0,91.0,110.0,0.2,88.0,110.0,3.0,15:03:20
,39.436707,51.856167,84.783168,21.0,91.0,110.0,0.2,88.0,110.0,3.0,15:03:20
,39.436707,51.856167,84.783168,21.0,91.0,110.0,0.2,88.0,110.0,3.0,15:03:21
,39.436707,48.137105,81.619994,21.0,91.0,111.0,0.2,88.0,110.0,3.0,15:03:21
,39.436707,48.137105,81.619994,21.0,91.0,111.0,0.2,88.0,110.0,3.0,15:03:22
,39.436707,48.137105,81.619994,21.0,91.0,111.0,0.2,88.0,110.0,3.0,15:03:22
,38.064854,48.137105,82.066063,22.0,91.0,111.0,0.2,88.0,110.0,4.0,15:03:23
,38.064854,48.137105,82.066063,22.0,91.0,111.0,0.2,89.0,109.0,4.0,15:03:23
,38.064854,46.527551,80.492796,22.0,91.0,111.0,0.2,89.0,109.0,4.0,15:03:24
,38.064854,46.527551,80.492796,22.0,91.0,111.0,0.2,89.0,109.0,4.0,15:03:24
,38.064854,46.527551,80.492796,22.0,91.0,111.0,0.2,89.0,109.0,4.0,15:03:25
,38.064854,46.527551,80.492796,22.0,91.0,111.0,0.2,89.0,110.0,4.0,15:03:25
,38.064854,46.527551,80.492796,22.0,91.0,111.0,0.2,89.0,110.0,4.0,15:03:26
,37.693474,46.527551,80.623521,21.0,91.0,110.0,0.2,89.0,110.0,4.0,15:03:26
,37.693474,44.467039,78.383091,21.0,91.0,110.0,0.2,89.0,110.0,4.0,15:03:27
,37.693474,44.467039,78.383091,21.0,91.0,110.0,0.2,89.0,111.0,4.0,15:03:27
,37.693474,44.467039,78.383091,21.0,91.0,110.0,0.2,89.0,111.0,4.0,15:03:28
,37.693474,44.467039,78.383091,21.0,91.0,110.0,0.2,89.0,111.0,4.0,15:03:28
,38.253616,44.467039,78.168666,21.0,91.0,110.0,0.2,89.0,111.0,4.0,15:03:29
,38.253616,44.467039,78.168666,21.0,91.0,111.0,0.2,89.0,112.0,4.0,15:03:29
,38.253616,44.208071,77.86449,21.0,91.0,111.0,0.2,89.0,112.0,4.0,15:03:30
,38.253616,44.208071,77.86449,21.0,91.0,112.0,0.2,89.0,112.0,4.0,15:03:30
,38.253616,44.208071,77.86449,21.0,91.0,112.0,0.2,89.0,112.0,4.0,15:03:31
,38.253616,44.208071,77.86449,21.0,91.0,112.0,0.2,89.0,112.0,4.0,15:03:31
,38.861141,44.208071,77.631454,21.0,91.0,112.0,0.2,89.0,112.0,4.0,15:03:32
,38.861141,44.208071,77.631454,21.0,91.0,111.0,0.2,89.0,112.0,4.0,15:03:32
,38.861141,43.979859,77.357314,21.0,91.0,111.0,0.2,89.0,112.0,4.0,15:03:33
,38.861141,43.979859,77.357314,21.0,91.0,112.0,0.2,89.0,110.0,4.0,15:03:33
,38.861141,43.979859,77.357314,21.0,91.0,112.0,0.2,89.0,110.0,4.0,15:03:34
,38.861141,43.979859,77.357314,21.0,91.0,112.0,0.2,89.0,110.0,4.0,15:03:34
,39.010681,43.979859,77.299746,21.0,91.0,112.0,0.2,89.0,110.0,4.0,15:03:35
,39.010681,44.204724,77.570403,21.0,91.0,111.0,0.2,89.0,111.0,4.0,15:03:35
,39.010681,44.204724,77.570403,21.0,91.0,111.0,0.2,89.0,111.0,4.0,15:03:36
,39.010681,44.204724,77.570403,21.0,91.0,111.0,0.2,89.0,111.0,4.0,15:03:36
,39.010681,44.204724,77.570403,21.0,91.0,111.0,0.2,89.0,111.0,4.0,15:03:37
,38.854954,44.204724,77.629823,21.0,91.0,111.0,0.2,89.0,112.0,3.0,15:03:37
,38.854954,44.148016,77.562043,21.0,91.0,111.0,0.2,89.0,112.0,3.0,15:03:38
,38.854954,44.148016,77.562043,21.0,91.0,112.0,0.2,89.0,112.0,3.0,15:03:38
,38.854954,44.148016,77.562043,21.0,91.0,112.0,0.2,89.0,112.0,3.0,15:03:39
,38.854954,44.148016,77.562043,21.0,91.0,113.0,0.2,89.0,113.0,4.0,15:03:39
,38.854954,44.148016,77.562043,21.0,91.0,113.0,0.2,89.0,113.0,4.0,15:03:40
,39.291615,44.148016,77.395389,21.0,91.0,113.0,0.2,89.0,113.0,4.0,15:03:40
,39.291615,44.148016,77.395389,21.0,91.0,113.0,0.2,89.0,113.0,4.0,15:03:41
,39.291615,43.441732,76.527,21.0,91.0,114.0,0.2,88.0,113.0,4.0,15:03:41
,39.291615,43.441732,76.527,21.0,91.0,114.0,0.2,88.0,113.0,4.0,15:03:42
,39.291615,43.441732,76.527,21.0,91.0,115.0,0.2,88.0,113.0,4.0,15:03:42
,39.291615,43.441732,76.527,21.0,91.0,115.0,0.2,88.0,113.0,4.0,15:03:43
,39.457668,43.441732,76.462127,21.0,91.0,115.0,0.2,89.0,114.0,4.0,15:03:43
,39.457668,43.144947,76.085483,21.0,91.0,115.0,0.2,89.0,114.0,4.0,15:03:44
,39.457668,43.144947,76.085483,21.0,91.0,115.0,0.2,89.0,114.0,4.0,15:03:44
,39.457668,43.144947,76.085483,21.0,91.0,115.0,0.2,89.0,114.0,4.0,15:03:45
,39.457668,43.144947,76.085483,21.0,91.0,115.0,0.2,89.0,114.0,4.0,15:03:45
,39.457668,43.144947,76.085483,21.0,91.0,115.0,0.2,89.0,114.0,4.0,15:03:46
,39.498051,43.144947,76.069549,21.0,91.0,115.0,0.2,89.0,114.0,4.0,15:03:46
,39.498051,43.150638,76.076836,21.0,91.0,115.0,0.2,89.0,114.0,4.0,15:03:47
,39.498051,43.150638,76.076836,21.0,91.0,115.0,0.2,89.0,114.0,4.0,15:03:47
,39.498051,43.150638,76.076836,21.0,91.0,115.0,0.2,89.0,114.0,4.0,15:03:48
,39.498051,43.150638,76.076836,21.0,91.0,115.0,0.2,89.0,114.0,4.0,15:03:48
,39.498051,43.150638,76.076836,21.0,91.0,115.0,0.2,89.0,114.0,4.0,15:03:49
,39.863667,43.150638,75.933036,21.0,91.0,115.0,0.2,88.0,114.0,4.0,15:03:49
,39.863667,43.150638,75.933036,21.0,91.0,115.0,0.2,88.0,114.0,4.0,15:03:50
,39.863667,43.038396,75.788226,21.0,91.0,115.0,0.2,88.0,114.0,4.0,15:03:50
,39.863667,43.038396,75.788226,21.0,91.0,115.0,0.2,88.0,114.0,4.0,15:03:51
,39.863667,43.038396,75.788226,21.0,91.0,115.0,0.2,88.0,114.0,4.0,15:03:51
,39.64423,43.038396,75.87481,21.0,91.0,115.0,0.2,88.0,114.0,4.0,15:03:52
,39.64423,43.038396,75.87481,21.0,91.0,115.0,0.2,88.0,114.0,4.0,15:03:52
,39.64423,43.299647,76.209535,21.0,91.0,115.0,0.2,88.0,114.0,4.0,15:03:53
,39.64423,43.299647,76.209535,21.0,91.0,115.0,0.2,89.0,116.0,4.0,15:03:53
,39.64423,43.299647,76.209535,21.0,91.0,115.0,0.2,89.0,116.0,4.0,15:03:54
,39.64423,43.299647,76.209535,21.0,90.0,116.0,0.2,89.0,116.0,4.0,15:03:54
,39.64423,43.299647,76.209535,21.0,90.0,116.0,0.2,89.0,116.0,4.0,15:03:55
,39.436558,43.299647,76.290916,21.0,90.0,117.0,0.2,89.0,116.0,4.0,15:03:55
,39.436558,43.182721,76.14211,21.0,90.0,117.0,0.2,89.0,116.0,4.0,15:03:56
,39.436558,43.182721,76.14211,21.0,90.0,118.0,0.2,89.0,116.0,4.0,15:03:56
,39.436558,43.182721,76.14211,21.0,90.0,118.0,0.2,89.0,116.0,4.0,15:03:57
,39.436558,43.182721,76.14211,21.0,90.0,118.0,0.2,89.0,115.0,4.0,15:03:57
,39.436558,43.182721,76.14211,21.0,90.0,118.0,0.2,89.0,115.0,4.0,15:03:58
,39.685337,43.182721,76.044209,21.0,91.0,117.0,0.2,89.0,115.0,4.0,15:03:58
,39.685337,42.782345,75.525316,21.0,91.0,117.0,0.2,89.0,115.0,4.0,15:03:59
,39.685337,42.782345,75.525316,21.0,91.0,117.0,0.2,89.0,115.0,3.0,15:03:59
,39.685337,42.782345,75.525316,21.0,91.0,117.0,0.2,89.0,115.0,3.0,15:04:00
,39.685337,42.782345,75.525316,21.0,91.0,116.0,0.2,89.0,115.0,3.0,15:04:00
,39.685337,42.782345,75.525316,21.0,91.0,116.0,0.2,89.0,115.0,3.0,15:04:01
,39.685337,42.782345,75.525316,21.0,91.0,115.0,0.2,88.0,115.0,4.0,15:04:01
,39.697208,42.782345,75.520582,20.0,91.0,115.0,0.2,88.0,115.0,4.0,15:04:02
,39.697208,42.77113,75.505869,20.0,91.0,114.0,0.2,88.0,115.0,4.0,15:04:02
,39.697208,42.77113,75.505869,20.0,91.0,114.0,0.2,88.0,115.0,4.0,15:04:03
,39.697208,42.77113,75.505869,20.0,91.0,114.0,0.2,88.0,115.0,3.0,15:04:03
,39.697208,42.77113,75.505869,20.0,91.0,114.0,0.2,88.0,115.0,3.0,15:04:04
,39.697208,42.77113,75.505869,20.0,90.0,115.0,0.2,88.0,115.0,3.0,15:04:04
,39.723957,42.77113,75.4952,20.0,90.0,115.0,0.2,88.0,115.0,3.0,15:04:05
,39.723957,42.529266,75.175433,20.0,90.0,115.0,0.2,88.0,115.0,3.0,15:04:05
,39.723957,42.529266,75.175433,20.0,90.0,115.0,0.2,88.0,115.0,3.0,15:04:06
,39.723957,42.529266,75.175433,20.0,90.0,115.0,0.2,88.0,115.0,3.0,15:04:06
,39.723957,42.529266,75.175433,20.0,90.0,115.0,0.2,88.0,115.0,3.0,15:04:07
,39.723957,42.529266,75.175433,20.0,90.0,116.0,0.2,88.0,114.0,4.0,15:04:07
,39.723957,42.529266,75.175433,20.0,90.0,116.0,0.2,88.0,114.0,4.0,15:04:08
,39.365017,42.529266,75.320279,19.0,90.0,115.0,0.2,88.0,114.0,4.0,15:04:08
,39.365017,42.852643,75.745033,19.0,90.0,115.0,0.2,88.0,114.0,4.0,15:04:09
,39.365017,42.852643,75.745033,19.0,90.0,115.0,0.2,88.0,114.0,3.0,15:04:09
,39.365017,42.852643,75.745033,19.0,90.0,115.0,0.2,88.0,114.0,3.0,15:04:10
,39.365017,42.852643,75.745033,19.0,90.0,114.0,0.2,88.0,114.0,3.0,15:04:10
,39.911175,42.852643,75.527627,19.0,90.0,114.0,0.2,88.0,114.0,3.0,15:04:11
,39.911175,42.852643,75.527627,19.0,90.0,114.0,0.2,88.0,114.0,3.0,15:04:11
,39.911175,42.653892,75.26588,19.0,90.0,114.0,0.2,88.0,114.0,3.0,15:04:12
,39.911175,42.653892,75.26588,19.0,89.0,115.0,0.2,88.0,114.0,3.0,15:04:12
,39.911175,42.653892,75.26588,19.0,89.0,115.0,0.2,88.0,114.0,3.0,15:04:13
,39.911175,42.653892,75.26588,20.0,88.0,115.0,0.2,86.0,116.0,3.0,15:04:13
,39.638878,42.653892,75.374866,20.0,88.0,115.0,0.2,86.0,116.0,3.0,15:04:14
,39.638878,42.462501,75.120711,20.0,88.0,116.0,0.2,86.0,116.0,3.0,15:04:14
,39.638878,42.462501,75.120711,20.0,88.0,116.0,0.2,86.0,116.0,3.0,15:04:15
,39.638878,42.462501,75.120711,20.0,87.0,116.0,0.2,84.0,116.0,3.0,15:04:15
,39.638878,42.462501,75.120711,20.0,87.0,116.0,0.2,84.0,116.0,3.0,15:04:16
,39.872929,42.462501,75.026329,21.0,86.0,117.0,0.2,84.0,116.0,3.0,15:04:16
,39.872929,42.462501,75.026329,21.0,86.0,117.0,0.2,84.0,116.0,3.0,15:04:17
,39.872929,42.13557,74.584398,21.0,85.0,117.0,0.2,82.0,115.0,4.0,15:04:17
,39.872929,42.13557,74.584398,21.0,85.0,117.0,0.2,82.0,115.0,4.0,15:04:18
,39.872929,42.13557,74.584398,21.0,84.0,117.0,0.2,82.0,115.0,4.0,15:04:18
,39.872929,42.13557,74.584398,21.0,84.0,117.0,0.2,82.0,115.0,4.0,15:04:19
,39.872929,42.13557,74.584398,21.0,83.0,116.0,0.2,81.0,116.0,3.0,15:04:19
,39.872929,42.13557,74.584398,21.0,83.0,116.0,0.2,81.0,116.0,3.0,15:04:20
,39.787956,42.13557,74.619044,20.0,83.0,116.0,0.2,81.0,116.0,3.0,15:04:20
,39.787956,42.211462,74.722284,20.0,83.0,116.0,0.2,81.0,116.0,3.0,15:04:21
,39.787956,42.211462,74.722284,20.0,83.0,116.0,0.2,79.0,116.0,3.0,15:04:21
,39.787956,42.211462,74.722284,20.0,83.0,116.0,0.2,79.0,116.0,3.0,15:04:22
,39.787956,42.211462,74.722284,20.0,82.0,116.0,0.2,79.0,116.0,3.0,15:04:22
,39.735394,42.211462,74.743677,21.0,82.0,116.0,0.2,79.0,116.0,3.0,15:04:23
,39.735394,42.508498,75.143158,21.0,82.0,117.0,0.2,78.0,117.0,4.0,15:04:23
,39.735394,42.508498,75.143158,21.0,82.0,117.0,0.2,78.0,117.0,4.0,15:04:24
,39.735394,42.508498,75.143158,21.0,82.0,118.0,0.2,78.0,117.0,4.0,15:04:24
,39.735394,42.508498,75.143158,21.0,82.0,118.0,0.2,78.0,117.0,4.0,15:04:25
,39.990429,42.508498,75.040657,21.0,82.0,118.0,0.2,76.0,118.0,4.0,15:04:25
,39.990429,41.865272,74.164314,21.0,82.0,118.0,0.2,76.0,118.0,4.0,15:04:26
,39.990429,41.865272,74.164314,21.0,81.0,119.0,0.2,76.0,118.0,4.0,15:04:26
,39.990429,41.865272,74.164314,21.0,81.0,119.0,0.2,76.0,118.0,4.0,15:04:27
,39.990429,41.865272,74.164314,21.0,80.0,119.0,0.2,76.0,117.0,4.0,15:04:27
,39.990429,41.865272,74.164314,21.0,80.0,119.0,0.2,76.0,117.0,4.0,15:04:28
,39.6861,41.865272,74.289627,21.0,80.0,119.0,0.2,76.0,117.0,4.0,15:04:28
,39.6861,42.15212,74.68316,21.0,80.0,119.0,0.2,76.0,117.0,4.0,15:04:29
,39.6861,42.15212,74.68316,21.0,79.0,118.0,0.2,75.0,117.0,4.0,15:04:29
,39.6861,42.15212,74.68316,21.0,79.0,118.0,0.2,75.0,117.0,4.0,15:04:30
,39.6861,42.15212,74.68316,21.0,79.0,118.0,0.2,75.0,117.0,4.0,15:04:30
,39.789909,42.15212,74.6408,21.0,79.0,118.0,0.2,75.0,117.0,4.0,15:04:31
,39.789909,42.15212,74.6408,21.0,79.0,118.0,0.2,75.0,117.0,4.0,15:04:31
,39.789909,42.108528,74.581348,21.0,79.0,118.0,0.2,75.0,117.0,4.0,15:04:32
,39.789909,42.108528,74.581348,21.0,78.0,118.0,0.2,75.0,117.0,4.0,15:04:32
,39.789909,42.108528,74.581348,21.0,78.0,118.0,0.2,75.0,117.0,4.0,15:04:33
,39.789909,42.108528,74.581348,21.0,78.0,118.0,0.2,74.0,118.0,4.0,15:04:33
,39.789909,42.108528,74.581348,21.0,78.0,118.0,0.2,74.0,118.0,4.0,15:04:34
,40.466938,42.108528,74.306285,21.0,78.0,119.0,0.2,74.0,118.0,4.0,15:04:34
,40.466938,41.298646,73.165802,21.0,78.0,119.0,0.2,74.0,118.0,4.0,15:04:35
,40.466938,41.298646,73.165802,21.0,78.0,120.0,0.2,73.0,118.0,4.0,15:04:35
,40.466938,41.298646,73.165802,21.0,78.0,120.0,0.2,73.0,118.0,4.0,15:04:36
,40.466938,41.298646,73.165802,21.0,78.0,120.0,0.2,73.0,118.0,4.0,15:04:36
,40.466938,41.298646,73.165802,21.0,78.0,120.0,0.2,73.0,118.0,4.0,15:04:37
,40.466938,41.298646,73.165802,21.0,78.0,120.0,0.2,72.0,117.0,4.0,15:04:37
,40.128635,41.298646,73.306966,20.0,78.0,120.0,0.2,72.0,117.0,4.0,15:04:38
,40.128635,41.292107,73.297574,20.0,77.0,118.0,0.2,72.0,117.0,4.0,15:04:38
,40.128635,41.292107,73.297574,20.0,77.0,118.0,0.2,72.0,117.0,4.0,15:04:39
,40.128635,41.292107,73.297574,20.0,77.0,117.0,0.2,72.0,116.0,3.0,15:04:39
,40.128635,41.292107,73.297574,20.0,77.0,117.0,0.2,72.0,116.0,3.0,15:04:40
,39.980057,41.292107,73.359825,20.0,77.0,117.0,0.2,72.0,116.0,3.0,15:04:40
,39.980057,41.292107,73.359825,20.0,77.0,117.0,0.2,72.0,116.0,3.0,15:04:41
,39.980057,41.307846,73.382391,20.0,77.0,115.0,0.2,73.0,117.0,4.0,15:04:41
,39.980057,41.307846,73.382391,20.0,77.0,115.0,0.2,73.0,117.0,4.0,15:04:42
,39.980057,41.307846,73.382391,20.0,77.0,116.0,0.2,73.0,117.0,4.0,15:04:42
,39.980057,41.307846,73.382391,20.0,77.0,116.0,0.2,73.0,117.0,4.0,15:04:43
,40.003567,41.307846,73.372537,20.0,77.0,116.0,0.2,72.0,117.0,4.0,15:04:43
,40.003567,41.307846,73.372537,20.0,77.0,116.0,0.2,72.0,117.0,4.0,15:04:44
,40.003567,41.331786,73.40683,20.0,77.0,117.0,0.2,72.0,117.0,4.0,15:04:44
,40.003567,41.331786,73.40683,20.0,77.0,117.0,0.2,72.0,117.0,4.0,15:04:45
,40.003567,41.331786,73.40683,20.0,76.0,118.0,0.2,72.0,116.0,4.0,15:04:45
,40.003567,41.331786,73.40683,20.0,76.0,118.0,0.2,72.0,116.0,4.0,15:04:46
,39.923241,41.331786,73.440486,20.0,76.0,118.0,0.2,72.0,116.0,4.0,15:04:46
,39.923241,41.545328,73.744047,20.0,76.0,118.0,0.2,72.0,116.0,4.0,15:04:47
,39.923241,41.545328,73.744047,20.0,76.0,117.0,0.2,71.0,117.0,4.0,15:04:47
,39.923241,41.545328,73.744047,20.0,76.0,117.0,0.2,71.0,117.0,4.0,15:04:48
,39.923241,41.545328,73.744047,20.0,76.0,117.0,0.2,71.0,117.0,4.0,15:04:48
,39.938038,41.545328,73.737892,22.0,76.0,117.0,0.2,71.0,117.0,4.0,15:04:49
,39.938038,41.369591,73.488305,22.0,76.0,117.0,0.2,71.0,119.0,4.0,15:04:49
,39.938038,41.369591,73.488305,22.0,76.0,117.0,0.2,71.0,119.0,4.0,15:04:50
,39.938038,41.369591,73.488305,22.0,76.0,118.0,0.2,71.0,119.0,4.0,15:04:50
,39.938038,41.369591,73.488305,22.0,76.0,118.0,0.2,71.0,119.0,4.0,15:04:51
,40.103107,41.369591,73.419299,23.0,76.0,119.0,0.2,71.0,119.0,4.0,15:04:51
,40.103107,40.665599,72.392139,23.0,76.0,119.0,0.2,71.0,119.0,4.0,15:04:52
,40.103107,40.665599,72.392139,23.0,76.0,120.0,0.2,71.0,119.0,4.0,15:04:52
,40.103107,40.665599,72.392139,23.0,76.0,120.0,0.2,71.0,119.0,4.0,15:04:53
,40.103107,40.665599,72.392139,23.0,76.0,120.0,0.2,71.0,118.0,4.0,15:04:53
,40.103107,40.665599,72.392139,23.0,76.0,120.0,0.2,71.0,118.0,4.0,15:04:54
,40.103107,40.665599,72.392139,23.0,76.0,120.0,0.2,71.0,118.0,4.0,15:04:54
,39.882984,40.665599,72.486521,22.0,76.0,120.0,0.2,71.0,118.0,4.0,15:04:55
,39.882984,40.874626,72.795129,22.0,76.0,120.0,0.2,70.0,119.0,3.0,15:04:55
,39.882984,40.874626,72.795129,22.0,76.0,120.0,0.2,70.0,119.0,3.0,15:04:56
,39.882984,40.874626,72.795129,22.0,75.0,120.0,0.2,70.0,119.0,3.0,15:04:56
,39.882984,40.874626,72.795129,22.0,75.0,120.0,0.2,70.0,119.0,3.0,15:04:57
,39.882984,40.874626,72.795129,22.0,75.0,119.0,0.2,70.0,120.0,4.0,15:04:57
,40.125031,40.874626,72.692122,21.0,75.0,119.0,0.2,70.0,120.0,4.0,15:04:58
,40.125031,40.469327,72.088914,21.0,75.0,119.0,0.2,70.0,120.0,4.0,15:04:58
,40.125031,40.469327,72.088914,21.0,75.0,119.0,0.2,70.0,120.0,4.0,15:04:59
,40.125031,40.469327,72.088914,21.0,75.0,119.0,0.2,70.0,120.0,4.0,15:04:59
,40.190567,40.469327,72.060699,22.0,75.0,119.0,0.2,70.0,120.0,4.0,15:05:00
,40.190567,40.469327,72.060699,22.0,75.0,121.0,0.2,70.0,120.0,4.0,15:05:00
,40.190567,40.618855,72.285002,22.0,75.0,121.0,0.2,70.0,120.0,4.0,15:05:01
,40.190567,40.618855,72.285002,22.0,75.0,121.0,0.2,70.0,120.0,4.0,15:05:01
,40.190567,40.618855,72.285002,22.0,75.0,121.0,0.2,70.0,120.0,4.0,15:05:02
,40.190567,40.618855,72.285002,22.0,75.0,121.0,0.2,70.0,120.0,4.0,15:05:02
,40.190567,40.618855,72.285002,22.0,75.0,121.0,0.2,70.0,121.0,4.0,15:05:03
,40.037083,40.618855,72.350789,21.0,75.0,121.0,0.2,69.0,121.0,4.0,15:05:03
,40.037083,40.741247,72.532699,21.0,75.0,121.0,0.2,69.0,121.0,4.0,15:05:04
,40.037083,40.741247,72.532699,21.0,75.0,122.0,0.2,69.0,121.0,4.0,15:05:04
,40.037083,40.741247,72.532699,21.0,75.0,122.0,0.2,69.0,121.0,4.0,15:05:05
,40.037083,40.741247,72.532699,21.0,75.0,122.0,0.2,69.0,123.0,4.0,15:05:05
,39.794445,40.741247,72.63659,21.0,75.0,122.0,0.2,69.0,123.0,4.0,15:05:06
,39.794445,40.741247,72.63659,21.0,75.0,122.0,0.2,69.0,123.0,4.0,15:05:06
,39.794445,40.831959,72.770271,21.0,75.0,122.0,0.2,69.0,123.0,4.0,15:05:07
,39.794445,40.831959,72.770271,21.0,75.0,123.0,0.2,69.0,124.0,4.0,15:05:07
,39.794445,40.831959,72.770271,21.0,75.0,123.0,0.2,69.0,124.0,4.0,15:05:08
,39.794445,40.831959,72.770271,21.0,75.0,124.0,0.2,69.0,124.0,4.0,15:05:08
,40.055931,40.831959,72.658682,22.0,75.0,124.0,0.2,69.0,124.0,4.0,15:05:09
,40.055931,40.687731,72.445245,22.0,74.0,125.0,0.2,68.0,125.0,4.0,15:05:09
,40.055931,40.687731,72.445245,22.0,74.0,125.0,0.2,68.0,125.0,4.0,15:05:10
,40.055931,40.687731,72.445245,22.0,74.0,126.0,0.2,68.0,125.0,4.0,15:05:10
,40.055931,40.687731,72.445245,22.0,74.0,126.0,0.2,68.0,125.0,4.0,15:05:11
,40.089863,40.687731,72.430726,22.0,74.0,127.0,0.2,68.0,125.0,4.0,15:05:11
,40.089863,40.687731,72.430726,22.0,74.0,127.0,0.2,68.0,125.0,4.0,15:05:12
,40.089863,40.525227,72.188061,22.0,74.0,127.0,0.2,68.0,125.0,4.0,15:05:12
,40.089863,40.525227,72.188061,22.0,74.0,127.0,0.2,68.0,125.0,4.0,15:05:13
,40.089863,40.525227,72.188061,22.0,74.0,126.0,0.2,68.0,124.0,4.0,15:05:13
,40.089863,40.525227,72.188061,22.0,74.0,126.0,0.2,68.0,124.0,4.0,15:05:14
,40.089863,40.525227,72.188061,22.0,74.0,126.0,0.2,68.0,124.0,4.0,15:05:14
,40.374203,40.525227,72.066028,20.0,74.0,126.0,0.2,68.0,124.0,4.0,15:05:15
,40.374203,40.525227,72.066028,20.0,74.0,125.0,0.2,68.0,124.0,4.0,15:05:15
,40.374203,40.025603,71.303744,20.0,74.0,125.0,0.2,68.0,124.0,4.0,15:05:16
,40.374203,40.025603,71.303744,20.0,74.0,124.0,0.2,68.0,124.0,4.0,15:05:16
,40.374203,40.025603,71.303744,20.0,74.0,124.0,0.2,68.0,124.0,4.0,15:05:17
,40.374203,40.025603,71.303744,20.0,74.0,124.0,0.2,68.0,123.0,4.0,15:05:17
,40.374203,40.025603,71.303744,20.0,74.0,124.0,0.2,68.0,123.0,4.0,15:05:18
,40.38496,40.025603,71.29906,20.0,73.0,123.0,0.2,68.0,123.0,4.0,15:05:18
,40.38496,40.025603,71.29906,20.0,73.0,123.0,0.2,68.0,123.0,4.0,15:05:19
,40.38496,39.950347,71.182369,20.0,73.0,123.0,0.2,68.0,124.0,4.0,15:05:19
,40.38496,39.950347,71.182369,20.0,73.0,123.0,0.2,68.0,124.0,4.0,15:05:20
,40.38496,39.950347,71.182369,20.0,73.0,123.0,0.2,68.0,124.0,4.0,15:05:20
,40.231564,39.950347,71.249417,20.0,73.0,123.0,0.2,68.0,124.0,4.0,15:05:21
,40.231564,39.950347,71.249417,20.0,73.0,122.0,0.2,68.0,123.0,4.0,15:05:21
,40.231564,40.060787,71.420248,20.0,73.0,122.0,0.2,68.0,123.0,4.0,15:05:22
,40.231564,40.060787,71.420248,20.0,73.0,122.0,0.2,68.0,123.0,4.0,15:05:22
,40.231564,40.060787,71.420248,20.0,73.0,122.0,0.2,68.0,123.0,4.0,15:05:23
,40.231564,40.060787,71.420248,20.0,73.0,122.0,0.2,67.0,124.0,4.0,15:05:23
,40.273308,40.060787,71.402053,20.0,73.0,122.0,0.2,67.0,124.0,4.0,15:05:24
,40.273308,40.060787,71.402053,20.0,73.0,122.0,0.2,67.0,124.0,4.0,15:05:24
,40.273308,40.235708,71.670577,20.0,73.0,122.0,0.2,67.0,124.0,4.0,15:05:25
,40.273308,40.235708,71.670577,20.0,73.0,123.0,0.2,67.0,124.0,5.0,15:05:25
,40.273308,40.235708,71.670577,20.0,73.0,123.0,0.2,67.0,124.0,5.0,15:05:26
,40.273308,40.235708,71.670577,20.0,73.0,124.0,0.2,67.0,124.0,5.0,15:05:26
,40.273308,40.235708,71.670577,20.0,73.0,124.0,0.2,67.0,124.0,5.0,15:05:27
,40.40033,40.235708,71.615615,19.0,72.0,124.0,0.2,66.0,124.0,4.0,15:05:27
,40.40033,39.951955,71.17816,19.0,72.0,124.0,0.2,66.0,124.0,4.0,15:05:28
,40.40033,39.951955,71.17816,19.0,72.0,125.0,0.2,66.0,124.0,4.0,15:05:28
,40.40033,39.951955,71.17816,19.0,72.0,125.0,0.2,66.0,124.0,4.0,15:05:29
,40.40033,39.951955,71.17816,19.0,72.0,125.0,0.2,65.0,124.0,4.0,15:05:29
,40.40033,39.951955,71.17816,19.0,72.0,125.0,0.2,65.0,124.0,4.0,15:05:30
,40.199532,39.951955,71.265933,20.0,72.0,125.0,0.2,65.0,124.0,4.0,15:05:30
,40.199532,39.951955,71.265933,20.0,72.0,125.0,0.2,65.0,124.0,4.0,15:05:31
,40.199532,40.768716,72.50409,20.0,72.0,125.0,0.2,65.0,124.0,4.0,15:05:31
,40.199532,40.768716,72.50409,20.0,72.0,125.0,0.2,65.0,124.0,4.0,15:05:32
,40.199532,40.768716,72.50409,20.0,72.0,125.0,0.2,65.0,124.0,4.0,15:05:32
,40.199532,40.768716,72.50409,20.0,72.0,125.0,0.2,65.0,124.0,4.0,15:05:33
,40.165794,40.768716,72.518459,21.0,72.0,126.0,0.2,64.0,127.0,4.0,15:05:33
22.0,40.165794,40.896886,72.707556,21.0,72.0,126.0,0.2,64.0,127.0,4.0,15:05:34
22.0,40.165794,40.896886,72.707556,21.0,72.0,126.0,0.2,64.0,127.0,4.0,15:05:34
22.0,40.165794,40.896886,72.707556,21.0,72.0,126.0,0.2,64.0,127.0,4.0,15:05:35
22.0,40.046272,40.896886,72.758297,21.0,71.0,127.0,0.2,65.0,126.0,4.0,15:05:35
22.0,40.046272,40.896886,72.758297,21.0,71.0,127.0,0.2,65.0,126.0,4.0,15:05:36
22.0,40.046272,40.889624,72.747632,21.0,70.0,128.0,0.2,65.0,126.0,4.0,15:05:36
22.0,40.046272,40.889624,72.747632,21.0,70.0,128.0,0.2,65.0,126.0,4.0,15:05:37
,40.046272,40.889624,72.747632,21.0,70.0,128.0,0.2,64.0,128.0,4.0,15:05:37
,40.046272,40.889624,72.747632,21.0,70.0,128.0,0.2,64.0,128.0,4.0,15:05:38
,40.184246,40.889624,72.689051,21.0,69.0,128.0,0.2,64.0,128.0,4.0,15:05:38
,40.184246,40.927609,72.744863,21.0,69.0,128.0,0.2,64.0,128.0,4.0,15:05:39
,40.184246,40.927609,72.744863,21.0,69.0,128.0,0.2,64.0,128.0,4.0,15:05:39
,40.184246,40.927609,72.744863,21.0,69.0,128.0,0.2,64.0,128.0,4.0,15:05:40
,40.184246,40.927609,72.744863,21.0,69.0,128.0,0.2,64.0,128.0,4.0,15:05:40
,40.184246,40.927609,72.744863,21.0,69.0,128.0,0.2,64.0,128.0,4.0,15:05:41
,40.227875,40.927609,72.726391,22.0,69.0,129.0,0.2,64.0,129.0,4.0,15:05:41
,40.227875,41.188332,73.106391,22.0,69.0,129.0,0.2,64.0,129.0,4.0,15:05:42
,40.227875,41.188332,73.106391,22.0,69.0,129.0,0.2,64.0,129.0,4.0,15:05:42
,40.227875,41.188332,73.106391,22.0,69.0,129.0,0.2,64.0,129.0,4.0,15:05:43
,40.227875,41.188332,73.106391,22.0,69.0,129.0,0.2,64.0,129.0,4.0,15:05:43
,40.267609,41.188332,73.089733,23.0,69.0,129.0,0.2,64.0,129.0,4.0,15:05:44
,40.267609,40.917169,72.694237,23.0,69.0,129.0,0.2,64.0,129.0,4.0,15:05:44
,40.267609,40.917169,72.694237,23.0,69.0,129.0,0.2,64.0,129.0,4.0,15:05:45
,40.267609,40.917169,72.694237,23.0,69.0,130.0,0.2,64.0,130.0,4.0,15:05:45
,40.267609,40.917169,72.694237,23.0,69.0,130.0,0.2,64.0,130.0,4.0,15:05:46
,40.225586,40.917169,72.712025,23.0,69.0,130.0,0.2,64.0,130.0,4.0,15:05:46
,40.225586,40.917169,72.712025,23.0,69.0,130.0,0.2,64.0,130.0,4.0,15:05:47
,40.225586,41.461341,73.49923,23.0,69.0,130.0,0.2,64.0,130.0,5.0,15:05:47
,40.225586,41.461341,73.49923,23.0,69.0,130.0,0.2,64.0,130.0,5.0,15:05:48
,40.225586,41.461341,73.49923,23.0,69.0,129.0,0.2,64.0,130.0,5.0,15:05:48
,40.225586,41.461341,73.49923,23.0,69.0,129.0,0.2,64.0,130.0,5.0,15:05:49
,40.169353,41.461341,73.522595,22.0,69.0,130.0,0.2,63.0,130.0,4.0,15:05:49
,40.169353,42.166457,74.506138,22.0,69.0,130.0,0.2,63.0,130.0,4.0,15:05:50
,40.169353,42.166457,74.506138,22.0,69.0,131.0,0.2,63.0,130.0,4.0,15:05:50
,40.169353,42.166457,74.506138,22.0,69.0,131.0,0.2,63.0,130.0,4.0,15:05:51
,40.169353,42.166457,74.506138,22.0,69.0,131.0,0.2,63.0,130.0,4.0,15:05:51
,40.169353,42.166457,74.506138,22.0,69.0,131.0,0.2,63.0,130.0,4.0,15:05:52
,40.639286,42.166457,74.316423,22.0,70.0,131.0,0.2,63.0,130.0,4.0,15:05:52
,40.639286,41.65572,73.604456,22.0,70.0,131.0,0.2,63.0,130.0,4.0,15:05:53
,40.639286,41.65572,73.604456,22.0,70.0,130.0,0.2,63.0,131.0,4.0,15:05:53
,40.639286,41.65572,73.604456,22.0,70.0,130.0,0.2,63.0,131.0,4.0,15:05:54
,40.639286,41.65572,73.604456,22.0,70.0,133.0,0.2,63.0,131.0,4.0,15:05:54
,40.366493,41.65572,73.716478,22.0,70.0,133.0,0.2,63.0,131.0,4.0,15:05:55
,40.366493,42.42847,74.782529,22.0,70.0,132.0,0.2,63.0,131.0,5.0,15:05:55
,40.366493,42.42847,74.782529,22.0,70.0,132.0,0.2,63.0,131.0,5.0,15:05:56
,40.366493,42.42847,74.782529,22.0,70.0,131.0,0.2,63.0,131.0,5.0,15:05:56
,40.349697,42.42847,74.789249,23.0,70.0,131.0,0.2,63.0,131.0,5.0,15:05:57
,40.349697,42.42847,74.789249,23.0,70.0,131.0,0.2,63.0,131.0,5.0,15:05:57
,40.349697,43.137795,75.72646,23.0,70.0,131.0,0.2,63.0,131.0,5.0,15:05:58
,40.349697,43.137795,75.72646,23.0,70.0,132.0,0.2,63.0,131.0,5.0,15:05:58
,40.349697,43.137795,75.72646,23.0,70.0,132.0,0.2,63.0,131.0,5.0,15:05:59
,40.349697,43.137795,75.72646,23.0,70.0,131.0,0.2,63.0,131.0,5.0,15:05:59
,40.56678,43.137795,75.64201,23.0,70.0,131.0,0.2,63.0,131.0,5.0,15:06:00
,40.56678,42.660995,75.014775,23.0,69.0,131.0,0.2,63.0,131.0,5.0,15:06:00
,40.56678,42.660995,75.014775,23.0,69.0,131.0,0.2,63.0,131.0,5.0,15:06:01
,40.56678,42.660995,75.014775,23.0,69.0,131.0,0.2,64.0,132.0,5.0,15:06:01
,40.56678,42.660995,75.014775,23.0,69.0,131.0,0.2,64.0,132.0,5.0,15:06:02
,40.167076,42.660995,75.173297,24.0,69.0,132.0,0.2,64.0,132.0,5.0,15:06:02
,40.167076,42.867202,75.44548,24.0,69.0,132.0,0.2,64.0,132.0,5.0,15:06:03
,40.167076,42.867202,75.44548,24.0,69.0,132.0,0.2,64.0,133.0,5.0,15:06:03
,40.167076,42.867202,75.44548,24.0,69.0,132.0,0.2,64.0,133.0,5.0,15:06:04
23.0,40.192474,42.867202,75.435457,25.0,69.0,132.0,0.2,64.0,133.0,5.0,15:06:04
23.0,40.192474,42.867202,75.435457,25.0,69.0,132.0,0.2,64.0,133.0,5.0,15:06:05
23.0,40.192474,42.249525,74.610054,25.0,69.0,133.0,0.2,64.0,133.0,5.0,15:06:05
23.0,40.192474,42.249525,74.610054,25.0,69.0,133.0,0.2,64.0,133.0,5.0,15:06:06
23.0,40.192474,42.249525,74.610054,25.0,69.0,133.0,0.2,64.0,133.0,5.0,15:06:06
,40.187733,42.249525,74.611968,25.0,69.0,133.0,0.2,64.0,133.0,5.0,15:06:07
,40.187733,42.249525,74.611968,25.0,70.0,134.0,0.2,64.0,133.0,5.0,15:06:07
,40.187733,42.227844,74.582455,25.0,70.0,134.0,0.2,64.0,133.0,5.0,15:06:08
,40.187733,42.227844,74.582455,25.0,70.0,134.0,0.2,64.0,133.0,5.0,15:06:08
,40.187733,42.227844,74.582455,25.0,70.0,134.0,0.2,64.0,133.0,5.0,15:06:09
,40.187733,42.227844,74.582455,25.0,70.0,134.0,0.2,64.0,133.0,5.0,15:06:09
,40.187733,42.227844,74.582455,25.0,70.0,134.0,0.2,64.0,133.0,5.0,15:06:10
,40.443508,42.227844,74.479291,23.0,70.0,134.0,0.2,64.0,133.0,5.0,15:06:10
,40.443508,41.797784,73.884532,23.0,70.0,134.0,0.2,64.0,133.0,5.0,15:06:11
,40.443508,41.797784,73.884532,23.0,70.0,133.0,0.2,64.0,133.0,5.0,15:06:11
,40.443508,41.797784,73.884532,23.0,70.0,133.0,0.2,64.0,133.0,5.0,15:06:12
,40.443508,41.797784,73.884532,23.0,70.0,133.0,0.2,64.0,133.0,5.0,15:06:12
,40.114845,41.797784,74.019273,24.0,70.0,133.0,0.2,64.0,133.0,5.0,15:06:13
,40.114845,41.797784,74.019273,24.0,70.0,133.0,0.2,64.0,134.0,5.0,15:06:13
,40.114845,41.907138,74.17137,24.0,70.0,133.0,0.2,64.0,134.0,5.0,15:06:14
,40.114845,41.907138,74.17137,24.0,70.0,133.0,0.2,64.0,134.0,5.0,15:06:14
,40.114845,41.907138,74.17137,24.0,70.0,133.0,0.2,64.0,134.0,5.0,15:06:15
,40.194103,41.907138,74.138944,23.0,70.0,133.0,0.2,65.0,134.0,5.0,15:06:15
,40.194103,41.763003,73.938097,23.0,70.0,133.0,0.2,65.0,134.0,5.0,15:06:16
,40.194103,41.763003,73.938097,23.0,70.0,134.0,0.2,65.0,134.0,5.0,15:06:16
,40.194103,41.763003,73.938097,23.0,70.0,134.0,0.2,65.0,134.0,5.0,15:06:17
,40.194103,41.763003,73.938097,23.0,70.0,134.0,0.3,65.0,134.0,5.0,15:06:17
,40.439274,41.763003,73.837517,23.0,70.0,134.0,0.3,65.0,134.0,5.0,15:06:18
,40.439274,41.619836,73.63584,23.0,70.0,134.0,0.3,65.0,134.0,5.0,15:06:18
,40.439274,41.619836,73.63584,23.0,70.0,134.0,0.3,65.0,134.0,5.0,15:06:19
,40.439274,41.619836,73.63584,23.0,70.0,134.0,0.3,65.0,133.0,5.0,15:06:19
,40.439274,41.619836,73.63584,23.0,70.0,134.0,0.3,65.0,133.0,5.0,15:06:20
,40.066338,41.619836,73.789783,22.0,70.0,134.0,0.3,65.0,133.0,5.0,15:06:20
,40.066338,41.619836,73.789783,22.0,70.0,134.0,0.3,65.0,133.0,5.0,15:06:21
,40.066338,41.91929,74.20807,22.0,70.0,133.0,0.3,65.0,134.0,5.0,15:06:21
,40.066338,41.91929,74.20807,22.0,70.0,133.0,0.3,65.0,134.0,5.0,15:06:22
,40.066338,41.91929,74.20807,22.0,70.0,133.0,0.3,65.0,134.0,5.0,15:06:22
,40.066338,41.91929,74.20807,22.0,70.0,133.0,0.3,65.0,134.0,5.0,15:06:23
,40.448292,41.91929,74.05212,24.0,70.0,133.0,0.3,65.0,134.0,4.0,15:06:23
,40.448292,41.001246,72.741402,24.0,70.0,133.0,0.3,65.0,134.0,4.0,15:06:24
,40.448292,41.001246,72.741402,24.0,70.0,133.0,0.3,65.0,134.0,4.0,15:06:24
,40.448292,41.001246,72.741402,24.0,70.0,133.0,0.3,65.0,134.0,4.0,15:06:25
,40.149872,41.001246,72.867238,24.0,70.0,134.0,0.3,65.0,135.0,5.0,15:06:25
,40.149872,41.702194,73.871088,24.0,70.0,134.0,0.3,65.0,135.0,5.0,15:06:26
,40.149872,41.702194,73.871088,24.0,70.0,134.0,0.3,65.0,135.0,5.0,15:06:26
,40.149872,41.702194,73.871088,24.0,70.0,134.0,0.3,65.0,135.0,5.0,15:06:27
,40.345764,41.702194,73.790461,25.0,70.0,135.0,0.3,65.0,134.0,4.0,15:06:27
,40.345764,41.702194,73.790461,25.0,70.0,135.0,0.3,65.0,134.0,4.0,15:06:28
,40.345764,40.305286,71.745365,25.0,70.0,135.0,0.3,65.0,134.0,4.0,15:06:28
,40.345764,40.305286,71.745365,25.0,70.0,135.0,0.3,65.0,134.0,4.0,15:06:29
,40.345764,40.305286,71.745365,25.0,70.0,135.0,0.3,66.0,135.0,5.0,15:06:29
,38.312523,40.305286,72.637925,26.0,70.0,135.0,0.3,66.0,135.0,5.0,15:06:30
,38.312523,40.947859,73.578882,26.0,70.0,135.0,0.3,66.0,135.0,5.0,15:06:30
,38.312523,40.947859,73.578882,26.0,70.0,135.0,0.3,66.0,135.0,5.0,15:06:31
,38.312523,40.947859,73.578882,26.0,70.0,135.0,0.3,66.0,135.0,5.0,15:06:31
,38.442318,40.947859,73.522311,28.0,70.0,135.0,0.3,66.0,135.0,5.0,15:06:32
,38.442318,40.947859,73.522311,28.0,70.0,135.0,0.3,66.0,135.0,5.0,15:06:32
,38.442318,40.696603,73.15803,28.0,70.0,135.0,0.3,66.0,135.0,5.0,15:06:33
,38.442318,40.696603,73.15803,28.0,70.0,135.0,0.3,66.0,136.0,6.0,15:06:33
,38.402325,40.696603,73.175607,28.0,70.0,135.0,0.3,66.0,136.0,6.0,15:06:34
,38.402325,41.169686,73.856812,28.0,70.0,136.0,0.3,66.0,136.0,6.0,15:06:34
,38.402325,41.169686,73.856812,28.0,70.0,136.0,0.3,66.0,136.0,6.0,15:06:35
,38.205948,41.169686,73.941813,30.0,70.0,136.0,0.3,66.0,137.0,5.0,15:06:35
,38.205948,41.169686,73.941813,30.0,70.0,136.0,0.3,66.0,137.0,5.0,15:06:36
,38.205948,41.250863,74.056575,30.0,71.0,138.0,0.3,66.0,137.0,5.0,15:06:36
,38.205948,41.250863,74.056575,30.0,71.0,138.0,0.3,66.0,137.0,5.0,15:06:37
,38.205948,41.250863,74.056575,30.0,71.0,138.0,0.3,67.0,138.0,5.0,15:06:37
,38.451698,41.250863,73.950562,29.0,71.0,138.0,0.3,67.0,138.0,5.0,15:06:38
,38.451698,41.250863,73.950562,29.0,71.0,138.0,0.3,67.0,138.0,5.0,15:06:38
,38.451698,41.111957,73.753313,29.0,71.0,138.0,0.3,67.0,138.0,5.0,15:06:39
,38.451698,41.111957,73.753313,29.0,71.0,139.0,0.3,66.0,140.0,5.0,15:06:39
,38.481667,41.111957,73.740348,29.0,71.0,139.0,0.3,66.0,140.0,5.0,15:06:40
,38.481667,41.111957,73.740348,29.0,71.0,140.0,0.3,66.0,140.0,5.0,15:06:40
24.0,38.481667,40.857363,73.374536,29.0,71.0,140.0,0.3,66.0,140.0,5.0,15:06:41
24.0,38.481667,40.857363,73.374536,29.0,71.0,140.0,0.3,66.0,140.0,5.0,15:06:41
24.0,38.453346,40.857363,73.386902,30.0,71.0,140.0,0.3,66.0,140.0,5.0,15:06:42
24.0,38.453346,40.857363,73.386902,30.0,71.0,141.0,0.3,66.0,140.0,5.0,15:06:42
24.0,38.453346,41.263716,73.968023,30.0,71.0,141.0,0.3,66.0,141.0,5.0,15:06:43
24.0,38.453346,41.263716,73.968023,30.0,71.0,141.0,0.3,65.0,141.0,6.0,15:06:43
24.0,38.984051,41.263716,73.740631,30.0,71.0,141.0,0.3,65.0,141.0,6.0,15:06:44
,38.984051,41.263716,73.740631,30.0,71.0,141.0,0.3,65.0,141.0,6.0,15:06:44
,38.984051,42.126072,74.936243,30.0,71.0,141.0,0.3,65.0,141.0,6.0,15:06:45
,38.984051,42.126072,74.936243,30.0,71.0,143.0,0.3,65.0,142.0,9.0,15:06:45
,38.679447,42.126072,75.062419,29.0,71.0,143.0,0.3,65.0,142.0,9.0,15:06:46
,38.679447,42.126072,75.062419,29.0,70.0,143.0,0.3,65.0,142.0,9.0,15:06:46
,38.679447,42.328853,75.333952,29.0,70.0,143.0,0.3,65.0,142.0,9.0,15:06:47
,38.679447,42.328853,75.333952,29.0,70.0,143.0,0.3,64.0,143.0,7.0,15:06:47
,38.679447,42.328853,75.333952,29.0,70.0,143.0,0.3,64.0,143.0,7.0,15:06:48
,38.703796,42.328853,75.323921,30.0,70.0,144.0,0.3,64.0,143.0,7.0,15:06:48
,38.703796,42.751056,75.879113,30.0,70.0,144.0,0.3,64.0,143.0,7.0,15:06:49
,38.703796,42.751056,75.879113,30.0,70.0,144.0,0.3,64.0,143.0,7.0,15:06:49
,38.703796,42.751056,75.879113,30.0,70.0,144.0,0.3,64.0,143.0,7.0,15:06:50
,38.868797,42.751056,75.812324,30.0,71.0,143.0,0.3,64.0,143.0,7.0,15:06:50
,38.868797,43.06323,76.214798,30.0,71.0,143.0,0.3,64.0,143.0,7.0,15:06:51
,38.868797,43.06323,76.214798,30.0,71.0,144.0,0.3,64.0,143.0,7.0,15:06:51
,38.868797,43.06323,76.214798,30.0,71.0,144.0,0.3,64.0,143.0,7.0,15:06:52
,38.672779,43.06323,76.293211,30.0,71.0,144.0,0.3,64.0,143.0,7.0,15:06:52
,38.672779,43.246967,76.526083,30.0,71.0,144.0,0.3,64.0,143.0,7.0,15:06:53
,38.672779,43.246967,76.526083,30.0,70.0,144.0,0.3,63.0,144.0,7.0,15:06:53
,38.672779,43.246967,76.526083,30.0,70.0,144.0,0.3,63.0,144.0,7.0,15:06:54
,38.672779,43.246967,76.526083,30.0,70.0,144.0,0.3,63.0,144.0,7.0,15:06:54
,39.651409,43.246967,76.13964,28.0,70.0,144.0,0.3,63.0,144.0,7.0,15:06:55
,39.651409,43.246967,76.13964,28.0,70.0,144.0,0.3,63.0,144.0,6.0,15:06:55
,39.651409,42.434275,75.077919,28.0,70.0,144.0,0.3,63.0,144.0,6.0,15:06:56
,39.651409,42.434275,75.077919,28.0,69.0,144.0,0.3,63.0,144.0,6.0,15:06:56
,39.651409,42.434275,75.077919,28.0,69.0,144.0,0.3,63.0,144.0,6.0,15:06:57
,39.263248,42.434275,75.235327,27.0,69.0,144.0,0.3,63.0,144.0,8.0,15:06:57
,39.263248,42.839776,75.769013,27.0,69.0,144.0,0.3,63.0,144.0,8.0,15:06:58
,39.263248,42.839776,75.769013,27.0,69.0,144.0,0.3,63.0,144.0,8.0,15:06:58
,39.16349,42.839776,75.808997,28.0,69.0,144.0,0.3,63.0,144.0,8.0,15:06:59
,39.16349,42.839776,75.808997,28.0,69.0,145.0,0.3,63.0,145.0,7.0,15:06:59
,39.16349,43.551077,76.713784,28.0,69.0,145.0,0.3,63.0,145.0,7.0,15:07:00
,39.16349,43.551077,76.713784,28.0,69.0,145.0,0.3,63.0,145.0,7.0,15:07:00
,39.16349,43.551077,76.713784,29.0,69.0,145.0,0.3,63.0,145.0,7.0,15:07:01
,39.276024,43.551077,76.669907,29.0,69.0,145.0,0.3,63.0,146.0,8.0,15:07:01
,39.276024,42.742225,75.63665,29.0,69.0,145.0,0.3,63.0,146.0,8.0,15:07:02
,39.276024,42.742225,75.63665,29.0,69.0,145.0,0.3,63.0,146.0,8.0,15:07:02
,39.276024,42.742225,75.63665,29.0,69.0,145.0,0.3,63.0,146.0,8.0,15:07:03
,39.086651,42.742225,75.712873,28.0,69.0,146.0,0.3,64.0,146.0,8.0,15:07:03
,39.086651,43.461691,76.632273,28.0,69.0,146.0,0.3,64.0,146.0,8.0,15:07:04
,39.086651,43.461691,76.632273,28.0,68.0,146.0,0.3,64.0,146.0,8.0,15:07:04
,39.086651,43.461691,76.632273,28.0,68.0,146.0,0.3,64.0,146.0,8.0,15:07:05
,38.982273,43.461691,76.673223,30.0,68.0,147.0,0.3,64.0,146.0,8.0,15:07:05
,38.982273,43.33223,76.510871,30.0,68.0,147.0,0.3,64.0,146.0,8.0,15:07:06
,38.982273,43.33223,76.510871,30.0,68.0,146.0,0.3,64.0,146.0,8.0,15:07:06
,38.993015,47.399625,81.052051,31.0,68.0,146.0,0.3,64.0,146.0,8.0,15:07:07
,38.993015,47.399625,81.052051,31.0,68.0,146.0,0.3,64.0,146.0,10.0,15:07:07
,38.993015,43.394914,76.585408,31.0,68.0,146.0,0.3,64.0,146.0,10.0,15:07:08
,38.993015,43.394914,76.585408,31.0,68.0,146.0,0.3,64.0,146.0,10.0,15:07:08
,38.985012,43.394914,76.588558,31.0,68.0,146.0,0.3,64.0,146.0,10.0,15:07:09
,38.985012,43.394914,76.588558,31.0,69.0,146.0,0.3,65.0,146.0,10.0,15:07:09
25.0,38.985012,43.389059,76.581213,31.0,69.0,146.0,0.3,65.0,146.0,10.0,15:07:10
25.0,38.985012,43.389059,76.581213,31.0,69.0,146.0,0.3,65.0,146.0,10.0,15:07:10
25.0,38.99427,43.389059,76.577568,31.0,69.0,146.0,0.3,65.0,146.0,10.0,15:07:11
25.0,38.99427,43.256232,76.410232,31.0,70.0,147.0,0.3,65.0,146.0,10.0,15:07:11
25.0,38.99427,43.256232,76.410232,31.0,70.0,147.0,0.3,65.0,146.0,10.0,15:07:12
25.0,38.99427,43.256232,76.410232,33.0,70.0,147.0,0.3,65.0,146.0,10.0,15:07:12
25.0,38.902935,43.256232,76.4464,33.0,70.0,147.0,0.3,65.0,146.0,10.0,15:07:13
25.0,38.902935,43.442861,76.680878,33.0,70.0,146.0,0.3,65.0,146.0,11.0,15:07:13
,38.902935,43.442861,76.680878,33.0,70.0,146.0,0.3,65.0,146.0,11.0,15:07:14
,38.902935,43.442861,76.680878,33.0,70.0,147.0,0.3,65.0,146.0,11.0,15:07:14
,38.902935,43.442861,76.680878,33.0,70.0,147.0,0.3,65.0,146.0,11.0,15:07:15
,39.430843,43.442861,76.474015,29.0,70.0,147.0,0.3,65.0,147.0,12.0,15:07:15
,39.430843,43.442861,76.474015,29.0,70.0,147.0,0.3,65.0,147.0,12.0,15:07:16
,39.430843,42.881459,75.756222,29.0,70.0,146.0,0.3,65.0,147.0,12.0,15:07:16
,39.430843,42.881459,75.756222,29.0,70.0,146.0,0.3,65.0,147.0,12.0,15:07:17
,39.430843,42.881459,75.756222,29.0,70.0,147.0,0.3,65.0,147.0,9.0,15:07:17
,39.451115,42.881459,75.748138,29.0,70.0,147.0,0.3,65.0,147.0,9.0,15:07:18
,39.451115,42.269693,74.938292,29.0,70.0,147.0,0.3,65.0,147.0,9.0,15:07:18
,39.451115,42.269693,74.938292,29.0,70.0,147.0,0.3,65.0,147.0,9.0,15:07:19
,39.451115,42.269693,74.938292,29.0,71.0,147.0,0.3,66.0,147.0,10.0,15:07:19
,39.688175,42.269693,74.84173,29.0,71.0,147.0,0.3,66.0,147.0,10.0,15:07:20
,39.688175,45.154172,78.426509,29.0,71.0,147.0,0.4,66.0,147.0,10.0,15:07:20
,39.688175,45.154172,78.426509,29.0,71.0,147.0,0.4,66.0,147.0,10.0,15:07:21
,39.688175,45.154172,78.426509,29.0,71.0,147.0,0.4,66.0,147.0,10.0,15:07:21
,40.689407,46.397336,79.447999,29.0,71.0,147.0,0.4,66.0,147.0,10.0,15:07:22
,40.689407,46.397336,79.447999,29.0,71.0,145.0,0.4,66.0,147.0,10.0,15:07:22
,40.689407,46.397336,79.447999,29.0,71.0,145.0,0.4,66.0,147.0,10.0,15:07:23
,40.689407,46.397336,79.447999,29.0,71.0,145.0,0.4,66.0,146.0,11.0,15:07:23
,40.689407,46.397336,79.447999,29.0,71.0,145.0,0.4,66.0,146.0,11.0,15:07:24
,40.689407,46.397336,79.447999,29.0,72.0,145.0,0.4,66.0,146.0,11.0,15:07:24
,41.610458,46.445718,79.188137,29.0,72.0,145.0,0.4,66.0,146.0,11.0,15:07:25
,41.610458,46.445718,79.188137,32.0,72.0,145.0,0.4,66.0,145.0,11.0,15:07:25
,41.610458,46.445718,79.188137,32.0,72.0,145.0,0.4,66.0,145.0,11.0,15:07:26
,41.610458,46.445718,79.188137,32.0,72.0,143.0,0.4,66.0,145.0,11.0,15:07:26
,41.610458,46.445718,79.188137,33.0,72.0,143.0,0.4,66.0,145.0,11.0,15:07:27
,41.610458,46.445718,79.188137,33.0,72.0,145.0,0.4,67.0,145.0,16.0,15:07:27
,41.610458,46.445718,79.188137,33.0,72.0,145.0,0.4,67.0,145.0,16.0,15:07:28
,41.610458,46.445718,79.188137,33.0,71.0,144.0,0.4,67.0,145.0,16.0,15:07:28
,46.849998,101.194264,97.420896,34.0,71.0,144.0,0.4,67.0,145.0,16.0,15:07:29
,46.849998,101.194264,97.420896,34.0,71.0,144.0,0.4,67.0,144.0,11.0,15:07:29
,46.849998,92.784363,96.657457,34.0,71.0,144.0,0.4,67.0,144.0,11.0,15:07:30
,46.849998,92.784363,96.657457,34.0,71.0,144.0,0.4,67.0,144.0,11.0,15:07:30
,46.604053,92.784363,96.670303,32.0,71.0,144.0,0.4,67.0,144.0,11.0,15:07:31
,46.604053,130.29724,98.802151,32.0,71.0,144.0,0.4,67.0,144.0,11.0,15:07:31
,46.604053,130.29724,98.802151,32.0,71.0,144.0,0.4,67.0,144.0,11.0,15:07:32
,46.604053,130.29724,98.802151,32.0,71.0,144.0,0.4,67.0,144.0,11.0,15:07:32
,46.063927,130.29724,98.811704,32.0,71.0,144.0,0.4,67.0,144.0,11.0,15:07:33
,46.063927,168.674222,99.457824,32.0,71.0,144.0,0.4,67.0,143.0,11.0,15:07:33
,46.063927,168.674222,99.457824,32.0,71.0,144.0,0.4,67.0,143.0,11.0,15:07:34
,46.063927,168.674222,99.457824,32.0,71.0,144.0,0.4,67.0,143.0,11.0,15:07:34
,46.063927,168.674222,99.457824,32.0,71.0,144.0,0.4,67.0,143.0,11.0,15:07:35
,45.168575,168.674222,99.464594,31.0,71.0,144.0,0.4,67.0,142.0,11.0,15:07:35
,45.168575,212.035513,99.733056,31.0,71.0,144.0,0.4,67.0,142.0,11.0,15:07:36
,45.168575,212.035513,99.733056,31.0,70.0,142.0,0.4,67.0,142.0,11.0,15:07:36
,44.323341,212.035513,99.736033,31.0,70.0,142.0,0.4,67.0,142.0,11.0,15:07:37
,44.323341,212.035513,99.736033,31.0,70.0,142.0,0.4,67.0,140.0,11.0,15:07:37
,44.323341,254.24416,99.847939,31.0,70.0,142.0,0.4,67.0,140.0,11.0,15:07:38
,44.323341,254.24416,99.847939,31.0,70.0,135.0,0.4,67.0,140.0,11.0,15:07:38
,44.323341,254.24416,99.847939,31.0,70.0,135.0,0.4,67.0,140.0,11.0,15:07:39
,43.863491,254.24416,99.848815,28.0,70.0,139.0,0.4,67.0,138.0,11.0,15:07:39
,43.863491,254.24416,99.848815,28.0,70.0,139.0,0.4,67.0,138.0,11.0,15:07:40
,43.863491,296.100988,99.90479,28.0,70.0,139.0,0.4,67.0,138.0,11.0,15:07:40
,43.863491,296.100988,99.90479,28.0,70.0,139.0,0.4,67.0,138.0,11.0,15:07:41
,43.863491,296.100988,99.90479,28.0,70.0,138.0,0.4,67.0,136.0,9.0,15:07:41
,43.178539,296.100988,99.905566,28.0,70.0,138.0,0.4,67.0,136.0,9.0,15:07:42
,43.178539,296.100988,99.905566,28.0,71.0,137.0,0.4,67.0,136.0,9.0,15:07:42
,43.178539,339.803393,99.937761,28.0,71.0,137.0,0.4,67.0,136.0,9.0,15:07:43
,43.178539,339.803393,99.937761,28.0,71.0,136.0,0.4,67.0,135.0,10.0,15:07:43
,43.178539,339.803393,99.937761,27.0,71.0,136.0,0.4,67.0,135.0,10.0,15:07:44
,42.137222,339.803393,99.938498,26.0,71.0,135.0,0.4,67.0,135.0,10.0,15:07:44
,42.137222,339.803393,99.938498,26.0,71.0,135.0,0.4,67.0,135.0,10.0,15:07:45
,42.137222,381.868079,99.956771,26.0,71.0,134.0,0.4,67.0,135.0,10.0,15:07:45
,42.137222,381.868079,99.956771,26.0,71.0,134.0,0.4,67.0,135.0,10.0,15:07:46
,41.950493,381.868079,99.956859,27.0,71.0,134.0,0.4,67.0,135.0,10.0,15:07:46
,41.950493,381.868079,99.956859,27.0,71.0,134.0,0.4,67.0,135.0,10.0,15:07:47
,41.950493,409.04653,99.964944,27.0,71.0,134.0,0.4,68.0,134.0,10.0,15:07:47
,41.950493,409.04653,99.964944,27.0,71.0,134.0,0.4,68.0,134.0,10.0,15:07:48
,41.950493,409.04653,99.964944,27.0,71.0,134.0,0.4,68.0,134.0,10.0,15:07:48
,41.822784,409.04653,99.964991,26.0,71.0,134.0,0.4,68.0,134.0,10.0,15:07:49
,41.822784,434.460953,99.970811,26.0,71.0,134.0,0.4,69.0,132.0,14.0,15:07:49
,41.822784,434.460953,99.970811,26.0,71.0,134.0,0.4,69.0,132.0,14.0,15:07:50
,41.822784,434.460953,99.970811,26.0,71.0,134.0,0.4,69.0,132.0,14.0,15:07:50
,41.822784,434.460953,99.970811,26.0,71.0,134.0,0.4,69.0,132.0,14.0,15:07:51
,41.697506,434.460953,99.970849,26.0,72.0,134.0,0.4,69.0,132.0,14.0,15:07:51
,41.697506,456.045652,99.974813,26.0,72.0,134.0,0.4,69.0,132.0,14.0,15:07:52
,41.697506,456.045652,99.974813,26.0,72.0,134.0,0.4,69.0,132.0,14.0,15:07:52
,41.697506,456.045652,99.974813,26.0,72.0,134.0,0.4,69.0,132.0,14.0,15:07:53
,41.317108,456.045652,99.974909,27.0,72.0,134.0,0.4,76.0,131.0,11.0,15:07:53
,41.317108,476.842692,99.978063,27.0,72.0,134.0,0.4,76.0,131.0,11.0,15:07:54
,41.317108,476.842692,99.978063,27.0,72.0,134.0,0.4,76.0,131.0,11.0,15:07:54
,41.317108,476.842692,99.978063,27.0,72.0,134.0,0.4,76.0,131.0,11.0,15:07:55
,41.317108,476.842692,99.978063,27.0,72.0,134.0,0.4,83.0,130.0,12.0,15:07:55
,41.466373,476.842692,99.978031,27.0,72.0,134.0,0.4,83.0,130.0,12.0,15:07:56
,41.466373,495.917027,99.980479,27.0,72.0,131.0,0.4,83.0,130.0,12.0,15:07:56
,41.466373,495.917027,99.980479,27.0,72.0,131.0,0.4,83.0,130.0,12.0,15:07:57
,41.466373,495.917027,99.980479,27.0,72.0,131.0,0.4,88.0,128.0,11.0,15:07:57
,41.466373,495.917027,99.980479,27.0,72.0,131.0,0.4,88.0,128.0,11.0,15:07:58
,41.179989,495.917027,99.980532,26.0,72.0,131.0,0.4,88.0,128.0,11.0,15:07:58
,41.179989,514.081214,99.98253,26.0,72.0,131.0,0.4,88.0,128.0,11.0,15:07:59
,41.179989,514.081214,99.98253,26.0,72.0,128.0,0.4,92.0,127.0,13.0,15:07:59
,41.179989,514.081214,99.98253,26.0,72.0,128.0,0.4,92.0,127.0,13.0,15:08:00
,40.95063,514.081214,99.982567,27.0,72.0,128.0,0.5,92.0,127.0,13.0,15:08:00
,40.95063,514.081214,99.982567,27.0,72.0,128.0,0.5,92.0,127.0,13.0,15:08:01
,40.95063,529.886899,99.984085,27.0,72.0,128.0,0.5,95.0,126.0,13.0,15:08:01
,40.95063,529.886899,99.984085,27.0,72.0,128.0,0.5,95.0,126.0,13.0,15:08:02
,40.703037,529.886899,99.984121,27.0,72.0,128.0,0.5,95.0,126.0,13.0,15:08:02
,40.703037,529.886899,99.984121,27.0,72.0,128.0,0.5,95.0,126.0,13.0,15:08:03
,40.703037,543.320824,99.985273,27.0,72.0,128.0,0.5,97.0,126.0,12.0,15:08:03
,40.703037,543.320824,99.985273,27.0,72.0,128.0,0.5,97.0,126.0,12.0,15:08:04
,40.703037,543.320824,99.985273,27.0,73.0,127.0,0.5,97.0,126.0,12.0,15:08:04
,40.811069,543.320824,99.985258,27.0,73.0,127.0,0.5,97.0,126.0,12.0,15:08:05
,40.811069,553.865692,99.986086,27.0,73.0,128.0,0.5,99.0,126.0,13.0,15:08:05
,40.811069,553.865692,99.986086,27.0,73.0,128.0,0.5,99.0,126.0,13.0,15:08:06
,40.811069,553.865692,99.986086,27.0,74.0,127.0,0.5,99.0,126.0,13.0,15:08:06
,40.691154,553.865692,99.986101,27.0,74.0,127.0,0.5,99.0,126.0,13.0,15:08:07
,40.691154,553.865692,99.986101,27.0,75.0,127.0,0.5,100.0,126.0,14.0,15:08:07
,40.691154,563.592676,99.986809,27.0,75.0,127.0,0.5,100.0,126.0,14.0,15:08:08
,40.691154,563.592676,99.986809,27.0,76.0,127.0,0.5,100.0,126.0,14.0,15:08:08
,40.691154,563.592676,99.986809,27.0,76.0,127.0,0.5,100.0,126.0,14.0,15:08:09
,40.461018,563.592676,99.986836,28.0,76.0,127.0,0.5,100.0,125.0,12.0,15:08:09
,40.461018,572.916285,99.987469,28.0,76.0,127.0,0.5,100.0,125.0,12.0,15:08:10
,40.461018,572.916285,99.987469,28.0,76.0,127.0,0.5,100.0,125.0,12.0,15:08:10
,40.461018,572.916285,99.987469,28.0,76.0,127.0,0.5,100.0,125.0,12.0,15:08:11
,40.125584,572.916285,99.987506,28.0,77.0,126.0,0.5,100.0,125.0,12.0,15:08:11
,40.125584,572.916285,99.987506,28.0,77.0,126.0,0.5,100.0,125.0,12.0,15:08:12
,40.125584,582.071033,99.988087,28.0,78.0,126.0,0.5,100.0,125.0,12.0,15:08:12
,40.125584,582.071033,99.988087,28.0,78.0,126.0,0.5,100.0,125.0,12.0,15:08:13
,40.125584,582.071033,99.988087,28.0,79.0,125.0,0.5,100.0,125.0,16.0,15:08:13
,40.121262,582.071033,99.988087,27.0,79.0,125.0,0.5,100.0,125.0,16.0,15:08:14
,40.121262,588.461251,99.988471,27.0,81.0,125.0,0.5,100.0,125.0,16.0,15:08:14
,40.121262,588.461251,99.988471,27.0,81.0,125.0,0.5,100.0,125.0,16.0,15:08:15
,40.121262,588.461251,99.988471,27.0,81.0,125.0,0.5,100.0,124.0,19.0,15:08:15
,39.703938,588.461251,99.988514,28.0,81.0,125.0,0.5,100.0,124.0,19.0,15:08:16
,39.703938,595.415162,99.988911,28.0,83.0,125.0,0.5,100.0,124.0,19.0,15:08:16
,39.703938,595.415162,99.988911,28.0,83.0,125.0,0.5,100.0,124.0,19.0,15:08:17
,39.783325,595.415162,99.988903,29.0,85.0,125.0,0.6,100.0,124.0,12.0,15:08:17
,39.783325,595.415162,99.988903,29.0,85.0,125.0,0.6,100.0,124.0,12.0,15:08:18
,39.783325,600.51245,99.989183,29.0,88.0,130.0,0.6,100.0,124.0,12.0,15:08:18
,39.783325,600.51245,99.989183,29.0,88.0,130.0,0.6,100.0,124.0,12.0,15:08:19
,39.783325,600.51245,99.989183,29.0,92.0,129.0,0.6,100.0,124.0,11.0,15:08:19
,39.770103,600.51245,99.989185,29.0,92.0,129.0,0.6,100.0,124.0,11.0,15:08:20
,39.770103,604.41804,99.989393,29.0,92.0,129.0,0.6,100.0,124.0,11.0,15:08:20
,39.770103,604.41804,99.989393,29.0,92.0,129.0,0.6,100.0,124.0,11.0,15:08:21
,39.770103,604.41804,99.989393,29.0,96.0,129.0,0.6,100.0,124.0,11.0,15:08:21
,39.770103,604.41804,99.989393,29.0,96.0,129.0,0.6,100.0,124.0,11.0,15:08:22
,39.770103,597.575647,99.989024,29.0,99.0,124.0,0.6,100.0,124.0,11.0,15:08:22
,39.770103,597.575647,99.989024,29.0,99.0,124.0,0.6,100.0,124.0,10.0,15:08:23
,39.197514,597.575647,99.989079,26.0,100.0,124.0,0.6,100.0,124.0,11.0,15:08:23
,39.197514,597.575647,99.989079,26.0,100.0,124.0,0.6,100.0,124.0,11.0,15:08:24
,39.197514,597.575647,99.989079,26.0,100.0,124.0,0.6,100.0,124.0,11.0,15:08:24
,39.197514,597.575647,99.989079,26.0,100.0,124.0,0.6,100.0,124.0,11.0,15:08:25
,39.287487,597.575647,99.989071,27.0,100.0,124.0,0.7,100.0,123.0,10.0,15:08:25
,39.287487,616.077556,99.990025,27.0,100.0,124.0,0.7,100.0,123.0,10.0,15:08:26
,39.287487,616.077556,99.990025,27.0,100.0,124.0,0.7,100.0,123.0,10.0,15:08:26
,39.287487,616.077556,99.990025,27.0,100.0,124.0,0.7,100.0,123.0,10.0,15:08:27
,39.633865,616.077556,99.989995,26.0,100.0,124.0,0.7,100.0,124.0,35.0,15:08:27
,39.633865,616.077556,99.989995,26.0,100.0,124.0,0.7,100.0,124.0,35.0,15:08:28
,39.633865,619.37876,99.990154,26.0,100.0,124.0,0.7,100.0,124.0,35.0,15:08:28
,39.633865,619.37876,99.990154,26.0,100.0,124.0,0.7,100.0,124.0,35.0,15:08:29
,39.183559,619.37876,99.990192,26.0,100.0,124.0,0.7,100.0,122.0,11.0,15:08:29
,39.183559,619.37876,99.990192,26.0,100.0,124.0,0.7,100.0,122.0,11.0,15:08:30
,39.183559,624.408033,99.990426,26.0,100.0,123.0,0.7,100.0,122.0,11.0,15:08:30
,39.183559,624.408033,99.990426,26.0,100.0,123.0,0.7,100.0,122.0,11.0,15:08:31
,39.183559,624.408033,99.990426,27.0,100.0,123.0,0.7,100.0,121.0,11.0,15:08:31
,39.183559,624.408033,99.990426,27.0,100.0,123.0,0.7,100.0,121.0,11.0,15:08:32
,39.183559,624.408033,99.990426,27.0,100.0,123.0,0.7,100.0,121.0,11.0,15:08:32
,39.183559,624.408033,99.990426,27.0,100.0,123.0,0.7,100.0,121.0,11.0,15:08:33
,39.183559,624.408033,99.990426,27.0,100.0,122.0,0.7,100.0,120.0,10.0,15:08:33
,39.183559,624.408033,99.990426,27.0,100.0,122.0,0.7,100.0,120.0,10.0,15:08:34
,39.183559,624.408033,99.990426,28.0,100.0,121.0,0.7,100.0,120.0,10.0,15:08:34
,39.183559,624.408033,99.990426,28.0,100.0,121.0,0.7,100.0,120.0,10.0,15:08:35
,39.183559,624.408033,99.990426,28.0,100.0,120.0,0.7,100.0,120.0,8.0,15:08:35
,39.183559,624.408033,99.990426,28.0,100.0,120.0,0.7,100.0,120.0,8.0,15:08:36
,31.546694,624.408033,99.991096,27.0,100.0,120.0,0.7,100.0,120.0,8.0,15:08:36
,31.546694,357.087368,99.953872,27.0,100.0,120.0,0.7,100.0,120.0,8.0,15:08:37
,31.546694,357.087368,99.953872,27.0,100.0,119.0,0.7,100.0,120.0,8.0,15:08:37
,31.546694,357.087368,99.953872,27.0,100.0,119.0,0.7,100.0,120.0,8.0,15:08:38
,29.738832,357.087368,99.95515,29.0,100.0,119.0,0.7,100.0,120.0,8.0,15:08:38
,29.738832,334.327829,99.945573,29.0,100.0,119.0,0.7,100.0,120.0,8.0,15:08:39
,29.738832,334.327829,99.945573,29.0,100.0,120.0,0.7,100.0,119.0,12.0,15:08:39
,29.738832,334.327829,99.945573,29.0,100.0,120.0,0.7,100.0,119.0,12.0,15:08:40
,30.180153,334.327829,99.945178,28.0,100.0,120.0,0.7,100.0,119.0,12.0,15:08:40
,30.180153,318.164915,99.936568,28.0,100.0,120.0,0.7,100.0,119.0,12.0,15:08:41
,30.180153,318.164915,99.936568,28.0,100.0,120.0,0.7,100.0,121.0,42.0,15:08:41
,30.180153,318.164915,99.936568,28.0,100.0,120.0,0.7,100.0,121.0,42.0,15:08:42
,30.237463,318.164915,99.936507,28.0,100.0,120.0,0.7,100.0,121.0,42.0,15:08:42
,30.237463,285.160697,99.912323,28.0,100.0,120.0,0.7,100.0,121.0,42.0,15:08:43
,30.237463,285.160697,99.912323,28.0,100.0,120.0,0.7,100.0,122.0,67.0,15:08:43
,30.237463,285.160697,99.912323,28.0,100.0,120.0,0.7,100.0,122.0,67.0,15:08:44
,30.237463,285.160697,99.912323,28.0,100.0,120.0,0.7,100.0,122.0,67.0,15:08:44
,30.237463,285.160697,99.912323,29.0,100.0,120.0,0.7,100.0,122.0,67.0,15:08:45
,31.916655,285.160697,99.909782,29.0,100.0,120.0,0.7,100.0,121.0,12.0,15:08:45
,31.916655,262.808389,99.885105,29.0,100.0,120.0,0.7,100.0,121.0,12.0,15:08:46
,31.916655,262.808389,99.885105,29.0,100.0,120.0,0.7,100.0,121.0,12.0,15:08:46
,31.916655,262.808389,99.885105,29.0,100.0,120.0,0.7,100.0,121.0,12.0,15:08:47
,31.965635,262.808389,99.885008,29.0,100.0,120.0,0.7,100.0,121.0,9.0,15:08:47
,31.965635,238.146611,99.845988,29.0,100.0,120.0,0.7,100.0,121.0,9.0,15:08:48
,31.965635,238.146611,99.845988,29.0,100.0,120.0,0.7,100.0,121.0,9.0,15:08:48
,31.965635,238.146611,99.845988,29.0,100.0,120.0,0.7,100.0,121.0,9.0,15:08:49
,30.872585,238.146611,99.849008,27.0,100.0,120.0,0.7,100.0,122.0,11.0,15:08:49
,30.872585,238.146611,99.849008,27.0,100.0,120.0,0.7,100.0,122.0,11.0,15:08:50
,30.872585,217.454885,99.802395,27.0,100.0,121.0,0.7,100.0,122.0,11.0,15:08:50
,30.872585,217.454885,99.802395,27.0,100.0,121.0,0.7,100.0,122.0,11.0,15:08:51
,30.48103,217.454885,99.803874,27.0,100.0,121.0,0.7,100.0,122.0,11.0,15:08:51
,30.48103,217.454885,99.803874,27.0,100.0,121.0,0.7,100.0,122.0,11.0,15:08:52
,30.48103,205.733902,99.768932,27.0,100.0,122.0,0.7,100.0,122.0,11.0,15:08:52
,30.48103,205.733902,99.768932,27.0,100.0,122.0,0.7,100.0,122.0,11.0,15:08:53
,30.48103,205.733902,99.768932,27.0,100.0,122.0,0.7,100.0,122.0,9.0,15:08:53
,30.48103,205.733902,99.768932,27.0,100.0,122.0,0.7,100.0,122.0,9.0,15:08:54
,30.48103,205.733902,99.768932,26.0,100.0,122.0,0.7,100.0,122.0,9.0,15:08:54
,30.48103,205.733902,99.768932,26.0,100.0,122.0,0.7,100.0,122.0,9.0,15:08:55
,30.48103,205.733902,99.768932,26.0,100.0,122.0,0.7,100.0,122.0,9.0,15:08:55
,30.48103,205.733902,99.768932,26.0,100.0,122.0,0.7,100.0,122.0,9.0,15:08:56
,30.48103,205.733902,99.768932,26.0,100.0,122.0,0.7,100.0,122.0,9.0,15:08:56
,30.48103,205.733902,99.768932,26.0,100.0,122.0,0.7,100.0,122.0,9.0,15:08:57
,30.48103,205.733902,99.768932,26.0,100.0,122.0,0.7,100.0,122.0,9.0,15:08:57
,25.013636,210.789,99.808836,23.0,100.0,122.0,0.7,100.0,122.0,9.0,15:08:58
,25.013636,210.789,99.808836,26.0,100.0,122.0,0.7,100.0,122.0,9.0,15:08:58
,25.013636,210.789,99.808836,26.0,100.0,122.0,0.7,100.0,122.0,9.0,15:08:59
,25.013636,210.789,99.808836,26.0,100.0,124.0,0.6,100.0,123.0,19.0,15:08:59
,25.013636,210.789,99.808836,26.0,100.0,124.0,0.6,100.0,123.0,19.0,15:09:00
,25.013636,210.789,99.808836,26.0,100.0,124.0,0.6,100.0,123.0,19.0,15:09:00
,25.013636,210.789,99.808836,26.0,100.0,124.0,0.6,100.0,123.0,19.0,15:09:01
,25.013636,210.789,99.808836,26.0,100.0,124.0,0.6,100.0,123.0,9.0,15:09:01
,25.013636,210.789,99.808836,18.0,100.0,124.0,0.6,100.0,123.0,9.0,15:09:02
,25.013636,210.789,99.808836,26.0,100.0,124.0,0.6,100.0,123.0,9.0,15:09:02
,25.013636,210.789,99.808836,26.0,100.0,124.0,0.6,100.0,123.0,9.0,15:09:03
,25.013636,210.789,99.808836,26.0,100.0,124.0,0.6,100.0,123.0,7.0,15:09:03
,25.013636,210.789,99.808836,16.0,100.0,124.0,0.6,100.0,123.0,7.0,15:09:04
,25.013636,210.789,99.808836,15.0,100.0,123.0,0.6,100.0,123.0,7.0,15:09:04
,25.013636,210.789,99.808836,15.0,100.0,123.0,0.6,100.0,123.0,7.0,15:09:05
,25.013636,210.789,99.808836,15.0,100.0,123.0,0.6,100.0,124.0,20.0,15:09:05
,25.013636,210.789,99.808836,15.0,100.0,123.0,0.6,100.0,124.0,20.0,15:09:06
,25.013636,210.789,99.808836,15.0,100.0,123.0,0.6,100.0,124.0,20.0,15:09:06
,25.013636,210.789,99.808836,15.0,100.0,123.0,0.6,100.0,124.0,20.0,15:09:07
,25.013636,210.789,99.808836,15.0,100.0,123.0,0.6,100.0,123.0,43.0,15:09:07
,25.013636,210.789,99.808836,15.0,100.0,123.0,0.6,100.0,123.0,43.0,15:09:08
,25.013636,210.789,99.808836,4.0,100.0,124.0,0.6,100.0,123.0,43.0,15:09:08
,113.319809,210.789,99.530598,3.0,100.0,124.0,0.6,100.0,123.0,43.0,15:09:09
,113.319809,151.885472,98.651773,3.0,100.0,124.0,0.6,100.0,125.0,19.0,15:09:09
,113.319809,151.885472,98.651773,3.0,100.0,124.0,0.6,100.0,125.0,19.0,15:09:10
,113.319809,151.698486,98.646449,3.0,100.0,124.0,0.6,100.0,125.0,19.0,15:09:10
,113.319809,151.698486,98.646449,3.0,100.0,124.0,0.6,100.0,125.0,19.0,15:09:11
,113.319809,151.698486,98.646449,3.0,100.0,123.0,0.6,100.0,125.0,19.0,15:09:11
,113.319809,151.698486,98.646449,3.0,100.0,123.0,0.6,100.0,125.0,19.0,15:09:12
,113.319809,151.698486,98.646449,3.0,100.0,123.0,0.6,100.0,125.0,19.0,15:09:12
,113.319809,151.698486,98.646449,3.0,100.0,123.0,0.6,100.0,125.0,19.0,15:09:13
,113.319809,151.395439,98.637762,3.0,100.0,123.0,0.6,100.0,124.0,,15:09:13
,,,,,100.0,123.0,0.6,100.0,124.0,,15:09:14
,,,,,100.0,123.0,0.6,100.0,124.0,,15:09:14
,,,,,100.0,123.0,0.6,100.0,124.0,,15:09:14
,,,,,100.0,123.0,0.6,,,,15:09:15
,,,,,100.0,124.0,0.6,,,,15:09:15
,,,,,100.0,124.0,0.6,,,,15:09:16
,,,,,100.0,125.0,0.6,,,,15:09:16
,,,,,100.0,125.0,0.6,,,,15:09:17
,,,,,100.0,126.0,0.6,,,,15:09:17
,,,,,100.0,126.0,0.6,,,,15:09:18
,,,,,100.0,126.0,0.6,,,,15:09:18
,,,,,100.0,126.0,0.6,,,,15:09:19
,,,,,100.0,126.0,0.6,,,,15:09:19
,,,,,100.0,126.0,0.6,,,,15:09:20
,,,,,100.0,126.0,0.6,,,,15:09:20
,,,,,100.0,126.0,0.6,,,,15:09:21
,,,,,100.0,125.0,0.6,,,,15:09:21
,,,,,100.0,125.0,0.6,,,,15:09:22
,,,,,100.0,124.0,0.6,,,,15:09:22
,,,,,100.0,124.0,0.6,,,,15:09:23
,,,,,100.0,124.0,0.6,,,,15:09:23
,,,,,100.0,124.0,0.6,,,,15:09:24
,,,,,100.0,122.0,0.6,,,,15:09:24
,,,,,100.0,122.0,0.6,,,,15:09:25
,,,,,100.0,122.0,0.6,,,,15:09:25
,,,,,100.0,122.0,0.6,,,,15:09:26
,,,,,100.0,122.0,0.6,,,,15:09:26
,,,,,100.0,122.0,0.6,,,,15:09:27
,,,,,100.0,123.0,0.6,,,,15:09:27
,,,,,100.0,123.0,0.6,,,,15:09:28
,,,,,100.0,122.0,0.5,,,,15:09:28
,,,,,100.0,122.0,0.5,,,,15:09:29
,,,,,100.0,122.0,0.5,,,,15:09:29
,,,,,100.0,122.0,0.5,,,,15:09:30
,,,,,100.0,122.0,0.5,,,,15:09:30
,,,,,100.0,122.0,0.5,,,,15:09:31
,,,,,100.0,122.0,0.5,,,,15:09:31
,,,,,100.0,122.0,0.5,,,,15:09:32
,,,,,100.0,122.0,0.5,,,,15:09:32
,,,,,100.0,122.0,0.5,,,,15:09:33
,,,,,100.0,121.0,0.5,,,,15:09:33
,,,,,100.0,121.0,0.5,,,,15:09:34
,,,,37.0,100.0,122.0,0.5,,,,15:09:34
,,,,33.0,100.0,122.0,0.5,,,,15:09:35
,,,,42.0,100.0,122.0,0.5,,,,15:09:35
,,,,50.0,100.0,122.0,0.5,,,,15:09:36
,,,,55.0,100.0,122.0,0.5,,,,15:09:36
,,,,51.0,100.0,122.0,0.5,,,,15:09:37
,,,,,100.0,121.0,0.5,,,,15:09:37
,,,,47.0,100.0,121.0,0.5,,,,15:09:38
,,,,,100.0,120.0,0.5,,,,15:09:38
,,,,,100.0,120.0,0.5,,,,15:09:39
,,,,,100.0,120.0,0.5,,,,15:09:39
,,,,57.0,100.0,120.0,0.5,,,,15:09:40
,,,,,100.0,120.0,0.5,,,,15:09:40
,113.212173,124.843661,97.486583,,100.0,120.0,0.5,,,,15:09:41
,113.213379,124.843661,97.486565,,100.0,119.0,0.5,,,,15:09:41
,113.213379,122.839637,97.354946,58.0,100.0,119.0,0.5,,,,15:09:42
,113.212753,122.839637,97.354956,,100.0,119.0,0.5,,,,15:09:42
,113.212753,122.839637,97.354956,,100.0,119.0,0.5,,,,15:09:43
,113.213715,128.242402,97.691105,,100.0,119.0,0.5,,,,15:09:43
,113.213715,128.242402,97.691105,,100.0,119.0,0.5,,,,15:09:44
,113.213341,126.801287,97.607103,,100.0,118.0,0.5,,,,15:09:44
,113.212128,126.801287,97.607121,,100.0,118.0,0.5,,,,15:09:45
,113.214386,126.801287,97.607088,38.0,100.0,118.0,0.5,,,,15:09:45
,113.214386,126.801287,97.607088,13.0,100.0,118.0,0.5,,,,15:09:46
,113.214386,122.849598,97.355606,12.0,100.0,118.0,0.5,,,,15:09:46
,,122.849598,100.0,,100.0,118.0,0.5,,,,15:09:47
,,122.849598,100.0,14.0,100.0,117.0,0.5,,,,15:09:47
,,122.849598,100.0,24.0,100.0,117.0,0.5,,,,15:09:48
,,122.849598,100.0,24.0,100.0,117.0,0.5,,,,15:09:48
,,122.849598,100.0,14.0,100.0,117.0,0.5,,,,15:09:49
,,122.849598,100.0,13.0,100.0,117.0,0.5,,,,15:09:49
,113.510208,128.551816,97.704569,12.0,100.0,117.0,0.5,,,,15:09:50
,113.510208,128.551816,97.704569,13.0,100.0,117.0,0.5,,,,15:09:50
,,128.551816,100.0,,100.0,116.0,0.5,,,,15:09:51
,113.680428,128.551816,97.702231,25.0,100.0,116.0,0.5,,,,15:09:51
,113.680428,128.551816,97.702231,42.0,100.0,116.0,0.5,,,,15:09:52
,113.680428,128.551816,97.702231,13.0,100.0,116.0,0.5,,,,15:09:52
,113.680428,128.551816,97.702231,14.0,100.0,115.0,0.5,,,,15:09:53
,113.680428,128.551816,97.702231,30.0,100.0,115.0,0.5,,,,15:09:53
,113.680428,128.551816,97.702231,10.0,100.0,115.0,0.5,,,,15:09:54
,113.88456,123.72417,97.403628,10.0,100.0,114.0,0.5,,,,15:09:54
,113.88456,123.72417,97.403628,10.0,100.0,113.0,0.5,,,,15:09:55
,113.88456,123.72417,97.403628,12.0,100.0,113.0,0.5,,,,15:09:55
,113.88456,123.72417,97.403628,23.0,100.0,113.0,0.5,,,,15:09:56
,113.88456,123.72417,97.403628,23.0,100.0,113.0,0.5,,,,15:09:56
,113.88456,123.72417,97.403628,15.0,100.0,116.0,0.5,,,,15:09:57
,113.88456,123.72417,97.403628,15.0,100.0,116.0,0.5,,,,15:09:57
,113.88456,123.72417,97.403628,12.0,100.0,116.0,0.5,,,,15:09:58
,113.88456,123.72417,97.403628,12.0,100.0,116.0,0.5,,,,15:09:58
,113.88456,123.72417,97.403628,12.0,100.0,117.0,0.5,,,,15:09:59
,114.370506,119.71737,97.111528,12.0,100.0,117.0,0.5,,,,15:09:59
,114.370506,119.71737,97.111528,12.0,100.0,117.0,0.5,,,,15:10:00
,114.370506,119.71737,97.111528,12.0,100.0,117.0,0.5,,,,15:10:00
,114.370506,119.71737,97.111528,12.0,100.0,117.0,0.5,,,,15:10:01
,113.807068,119.71737,97.121324,12.0,100.0,117.0,0.5,,,,15:10:01
,113.807068,119.71737,97.121324,18.0,100.0,115.0,0.5,,,,15:10:02
,113.807068,119.71737,97.121324,12.0,100.0,115.0,0.5,,,,15:10:02
,113.807068,119.71737,97.121324,12.0,100.0,115.0,0.5,,,,15:10:03
,113.807068,119.71737,97.121324,12.0,100.0,115.0,0.5,,,,15:10:04
,113.807068,119.71737,97.121324,12.0,100.0,114.0,0.5,,,,15:10:04
,113.807068,119.71737,97.121324,12.0,100.0,114.0,0.5,,,,15:10:05
,113.807068,119.71737,97.121324,12.0,100.0,114.0,0.5,,,,15:10:05
,113.807068,119.71737,97.121324,12.0,100.0,114.0,0.5,,,,15:10:06
,113.677948,119.71737,97.123572,11.0,100.0,115.0,0.5,,,,15:10:06
,113.677948,119.71737,97.123572,16.0,100.0,115.0,0.5,,,,15:10:07
,113.677948,119.71737,97.123572,16.0,100.0,114.0,0.5,,,,15:10:07
,113.677948,119.71737,97.123572,11.0,100.0,114.0,0.5,,,,15:10:07
,113.677948,119.71737,97.123572,11.0,100.0,113.0,0.5,,,,15:10:08
,113.677948,121.225325,97.234645,11.0,100.0,113.0,0.5,,,,15:10:09
,113.677948,121.225325,97.234645,11.0,100.0,113.0,0.5,,,,15:10:09
,113.677948,120.973125,97.216457,11.0,100.0,113.0,0.5,,,,15:10:10
,113.677948,120.973125,97.216457,11.0,100.0,112.0,0.5,,,,15:10:10
